/*--------------------------------*- C++ -*----------------------------------*\
| =========                 |                                                 |
| \\      /  F ield         | OpenFOAM: The Open Source CFD Toolbox           |
|  \\    /   O peration     | Version:  2.3.0                                 |
|   \\  /    A nd           | Web:      www.OpenFOAM.org                      |
|    \\/     M anipulation  |                                                 |
\*---------------------------------------------------------------------------*/
FoamFile
{
    version     2.0;
    format      ascii;
    class       labelList;
    location    "constant/polyMesh";
    object      pointProcAddressing;
}
// * * * * * * * * * * * * * * * * * * * * * * * * * * * * * * * * * * * * * //


5392
(
17
18
59
60
61
102
103
104
391
392
393
606
607
649
650
692
693
907
908
950
951
993
994
2101
2102
2107
2109
2113
2114
2115
2124
2138
2139
2140
2141
2143
2152
2154
2155
2156
2157
2159
2177
2178
2180
2189
2190
2191
2192
2194
2202
2203
2218
2221
2222
2223
2224
2225
2226
2237
2239
2240
2241
2242
2245
2246
2254
2256
2257
2258
2259
2264
2265
2266
2284
2285
2286
2287
2288
2289
2290
2291
2292
2312
2313
2314
2315
2316
2317
2324
2325
2326
2328
2329
2340
2341
2342
2343
2344
2345
2347
2348
2351
2360
2361
2364
2370
2371
2372
2377
2378
2379
2383
2384
2385
2391
2392
2395
2399
2400
2401
2402
2407
2408
2409
2410
2414
2415
2421
2422
2423
2424
2425
2426
2427
2446
2447
2448
2449
2450
2451
2452
2453
2454
2455
2456
2457
2470
2475
2482
2485
2486
2487
2488
2489
2490
2510
2511
2512
2513
2514
2515
2516
2517
2518
2530
2532
2533
2541
2559
2561
2562
2563
2564
2565
2566
2567
2568
2570
2584
2585
2586
2587
2588
2591
2593
2594
2595
2608
2609
2611
2612
2613
2614
2615
2616
2617
2618
2623
2624
2625
2653
2654
2655
2656
2657
2658
2659
2660
2661
2662
2663
2664
2668
2669
2670
2671
2672
2691
2692
2697
2698
2699
2700
2703
2708
2709
2710
2711
2736
2737
2744
2745
2746
2747
2748
2749
2750
2751
2753
2754
2755
2756
2757
2758
2759
2760
2761
2762
2772
2773
2774
2775
2776
2777
2779
2780
2802
2803
2804
2805
2806
2807
2808
2809
2810
2811
2813
2814
2819
2820
2821
2823
2842
2843
2845
2846
2847
2848
2849
2850
2851
2852
2854
2856
2857
2873
2875
2876
2877
2878
2879
2880
2881
2883
2884
2902
2905
2906
2907
2908
2909
2910
2911
2912
2913
2914
2925
2934
2935
2936
2937
2938
2939
2940
2941
2943
2955
2956
2957
2958
2959
2963
2970
2971
2972
2973
2977
2978
2979
2980
2991
2992
2993
2994
2995
2996
3001
3002
3003
3004
3010
3015
3016
3032
3033
3034
3035
3036
3048
3051
3055
3056
3064
3065
3066
3067
3068
3080
3081
3082
3083
3084
3097
3098
3099
3101
3110
3111
3112
3113
3114
3119
3131
3133
3134
3135
3136
3145
3146
3147
3149
3150
3154
3155
3156
3167
3168
3189
3190
3205
3206
3207
3208
3235
3236
3237
3238
3239
3240
3241
3242
3243
3244
3271
3272
3273
3292
3312
3313
3314
3315
3316
3350
3354
3355
3356
3357
3358
3359
3360
3367
3381
3382
3383
3384
3385
3386
3416
3417
3418
3419
3422
3423
3424
3425
3426
3427
3428
3429
3431
3432
3445
3446
3462
3471
3472
3473
3477
3478
3479
3489
3490
3491
3493
3494
3495
3513
3514
3515
3516
3517
3518
3519
3520
3521
3522
3524
3536
3538
3539
3540
3541
3542
3543
3545
3554
3556
3557
3558
3559
3560
3561
3562
3563
3579
3580
3581
3582
3583
3584
3585
3592
3593
3594
3596
3609
3611
3612
3613
3614
3615
3616
3617
3618
3619
3620
3621
3622
3623
3640
3641
3642
3643
3644
3645
3646
3647
3648
3649
3652
3653
3654
3655
3668
3669
3670
3671
3672
3673
3674
3675
3682
3684
3685
3686
3687
3688
3689
3690
3691
3704
3705
3706
3707
3708
3709
3710
3711
3712
3722
3723
3726
3733
3734
3735
3736
3737
3738
3739
3740
3741
3742
3743
3785
3786
3787
3788
3789
3790
3791
3792
3793
3794
3795
3796
3797
3798
3799
3800
3801
3802
3803
3804
3805
3806
3807
3808
3809
3810
3815
3816
3817
3837
3838
3839
3840
3841
3842
3859
3860
3865
3866
3867
3868
3869
3904
3905
3906
3907
3908
3909
3910
3911
3912
3913
3914
3915
3916
3917
3918
3919
3923
3924
3925
3926
3928
3929
3930
3961
3963
3965
3966
3967
3969
3970
3971
3972
3973
3974
3996
3997
3999
4000
4001
4002
4003
4004
4005
4006
4008
4009
4010
4015
4016
4017
4018
4029
4030
4031
4043
4044
4045
4046
4060
4061
4062
4063
4064
4078
4079
4080
4081
4082
4083
4084
4110
4111
4112
4113
4114
4115
4116
4117
4118
4119
4120
4121
4193
4194
4198
4199
4200
4201
4203
4204
4205
4206
4207
4208
4209
4210
4211
4212
4213
4214
4215
4216
4217
4218
4219
4220
4224
4274
4275
4276
4277
4278
4287
4290
4291
4292
4293
4294
4311
4312
4313
4314
4315
4316
4317
4318
4319
4320
4332
4333
4334
4335
4336
4337
4338
4343
4344
4373
4374
4375
4376
4377
4378
4379
4380
4381
4382
4383
4384
4387
4388
4389
4390
4393
4395
4396
4426
4427
4430
4431
4432
4433
4434
4435
4436
4437
4438
4444
4445
4447
4470
4471
4474
4475
4476
4477
4478
4479
4480
4481
4482
4483
4484
4485
4486
4487
4488
4501
4502
4503
4504
4505
4514
4517
4519
4534
4535
4536
4537
4538
4539
4540
4541
4542
4543
4545
4567
4568
4569
4570
4571
4572
4573
4574
4575
4576
4577
4578
4580
4581
4588
4589
4590
4591
4593
4603
4604
4622
4623
4624
4625
4626
4631
4632
4633
4637
4638
4639
4643
4644
4645
4651
4652
4653
4657
4658
4659
4665
4671
4688
4690
4692
4693
4694
4695
4696
4697
4698
4699
4700
4701
4702
4703
4704
4711
4712
4713
4714
4726
4727
4728
4729
4730
4731
4732
4737
4738
4753
4755
4757
4758
4759
4760
4761
4762
4763
4772
4774
4775
4776
4777
4787
4792
4793
4794
4795
4796
4807
4808
4809
4810
4811
4812
4813
4814
4815
4879
4880
4881
4883
4884
4885
4886
4887
4888
4889
4890
4891
4892
4893
4894
4895
4896
4897
4898
4899
4900
4901
4902
4903
4904
4905
4906
4907
4908
4909
4910
4911
4912
4943
4944
4945
4946
4947
4948
4949
4950
4951
4952
4953
4954
4955
4956
4957
5001
5002
5003
5004
5005
5006
5007
5008
5009
5010
5011
5012
5013
5014
5015
5016
5017
5018
5019
5020
5021
5042
5043
5044
5045
5046
5047
5048
5049
5050
5051
5052
5053
5071
5074
5075
5076
5077
5078
5079
5080
5081
5097
5098
5099
5100
5101
5102
5103
5104
5105
5106
5107
5108
5109
5110
5111
5116
5117
5118
5149
5150
5151
5168
5169
5170
5171
5172
5173
5174
5175
5176
5177
5178
5179
5180
5181
5183
5217
5218
5219
5220
5221
5227
5244
5245
5246
5247
5248
5249
5250
5251
5252
5253
5278
5283
5284
5285
5286
5287
5288
5289
5290
5291
5292
5299
5300
5301
5302
5303
5304
5319
5320
5321
5322
5323
5345
5346
5347
5348
5349
5350
5351
5352
5353
5354
5364
5365
5366
5367
5368
5369
5370
5371
5402
5408
5409
5410
5411
5412
5413
5414
5415
5416
5417
5418
5419
5420
5422
5423
5424
5425
5426
5437
5438
5439
5440
5441
5442
5443
5444
5445
5446
5450
5451
5469
5484
5489
5490
5491
5492
5493
5495
5496
5497
5498
5506
5507
5508
5509
5510
5511
5545
5546
5547
5548
5549
5550
5551
5553
5554
5555
5556
5557
5558
5559
5560
5561
5562
5563
5564
5565
5566
5567
5568
5569
5570
5571
5604
5606
5607
5608
5609
5610
5611
5612
5613
5614
5615
5621
5626
5627
5628
5640
5641
5642
5644
5645
5646
5647
5648
5649
5650
5654
5661
5665
5666
5667
5668
5669
5675
5676
5677
5678
5679
5695
5696
5697
5698
5700
5701
5702
5703
5704
5705
5706
5707
5708
5709
5710
5711
5712
5713
5747
5749
5750
5751
5752
5753
5754
5755
5756
5757
5758
5759
5760
5761
5762
5763
5764
5765
5766
5767
5768
5769
5770
5771
5772
5773
5774
5775
5776
5777
5778
5799
5800
5801
5803
5804
5805
5806
5813
5814
5815
5833
5834
5842
5843
5844
5845
5846
5847
5848
5849
5850
5851
5852
5853
5867
5868
5869
5870
5871
5872
5901
5902
5903
5904
5905
5906
5907
5908
5909
5910
5911
5912
5913
5914
5921
5922
5923
5924
5925
5926
5927
5928
5929
5930
5938
5939
5940
5941
5968
5969
5970
5971
5972
5973
5974
5975
5976
5977
5978
5996
5997
5998
5999
6000
6001
6002
6003
6004
6009
6010
6011
6012
6013
6014
6015
6016
6017
6018
6019
6020
6033
6050
6051
6056
6057
6058
6059
6060
6061
6066
6068
6069
6070
6071
6072
6079
6080
6081
6082
6083
6084
6090
6091
6102
6103
6104
6106
6107
6108
6109
6110
6111
6112
6127
6128
6129
6130
6132
6133
6134
6135
6145
6146
6147
6148
6149
6161
6162
6163
6164
6165
6183
6184
6185
6186
6187
6188
6189
6190
6191
6237
6238
6239
6240
6241
6242
6243
6244
6245
6246
6247
6248
6249
6250
6251
6252
6253
6254
6255
6256
6257
6258
6259
6294
6295
6296
6297
6298
6299
6300
6301
6302
6303
6304
6305
6306
6307
6308
6309
6310
6311
6312
6343
6344
6345
6346
6347
6348
6349
6350
6351
6352
6353
6354
6355
6356
6383
6384
6385
6386
6387
6388
6389
6390
6391
6392
6393
6394
6395
6396
6397
6398
6399
6409
6411
6412
6413
6414
6437
6438
6439
6440
6441
6442
6443
6444
6445
6446
6447
6448
6455
6456
6469
6470
6471
6472
6484
6486
6487
6488
6489
6490
6491
6492
6507
6508
6509
6519
6520
6521
6522
6523
6524
6557
6559
6560
6568
6569
6570
6571
6572
6573
6574
6575
6576
6577
6578
6579
6580
6581
6582
6583
6584
6585
6586
6587
6597
6598
6599
6618
6620
6621
6625
6626
6627
6628
6629
6630
6631
6645
6647
6648
6649
6650
6651
6652
6662
6663
6664
6665
6666
6667
6668
6682
6683
6686
6687
6688
6689
6690
6691
6692
6700
6701
6702
6703
6704
6705
6720
6722
6725
6726
6727
6728
6729
6730
6731
6732
6733
6734
6735
6736
6737
6748
6749
6750
6751
6752
6767
6768
6769
6770
6771
6772
6773
6774
6775
6776
6777
6799
6800
6801
6802
6803
6804
6805
6806
6807
6808
6809
6822
6823
6824
6825
6826
6827
6828
6829
6830
6831
6832
6833
6849
6851
6853
6854
6856
6857
6858
6859
6861
6862
6863
6903
6912
6913
6914
6915
6916
6917
6918
6919
6920
6921
6922
6923
6924
6925
6926
6927
6928
6929
6930
6931
6932
6933
6934
6935
6936
6937
6938
6939
6955
6957
6959
6960
6962
6963
6964
6965
6967
6968
6969
6993
6998
6999
7000
7001
7002
7003
7004
7027
7028
7029
7030
7113
7114
7115
7117
7121
7122
7123
7124
7125
7126
7132
7133
7135
7136
7137
7138
7139
7140
7141
7142
7143
7144
7145
7146
7147
7148
7149
7150
7151
7152
7153
7154
7155
7156
7157
7158
7159
7160
7161
7162
7163
7164
7165
7166
7167
7168
7169
7170
7171
7172
7173
7174
7175
7176
7177
7178
7179
7180
7181
7182
7183
7184
7185
7186
7187
7188
7189
7190
7192
7193
7194
7238
7239
7240
7241
7242
7243
7244
7245
7246
7247
7248
7249
7250
7251
7253
7254
7271
7272
7273
7297
7301
7302
7303
7304
7305
7306
7307
7308
7309
7310
7311
7312
7313
7314
7315
7316
7317
7318
7319
7320
7321
7344
7345
7346
7347
7348
7349
7350
7351
7352
7353
7354
7421
7422
7423
7424
7425
7426
7427
7428
7430
7434
7435
7436
7437
7438
7443
7444
7445
7446
7447
7448
7449
7450
7451
7452
7453
7454
7455
7456
7457
7458
7459
7460
7461
7462
7463
7464
7465
7466
7467
7468
7469
7470
7471
7472
7473
7474
7475
7476
7511
7512
7513
7514
7519
7520
7521
7522
7523
7524
7525
7526
7527
7528
7529
7530
7531
7532
7533
7534
7535
7548
7549
7550
7569
7570
7586
7587
7588
7589
7590
7591
7592
7593
7594
7595
7596
7597
7598
7599
7600
7601
7632
7633
7634
7635
7636
7637
7638
7639
7640
7641
7642
7643
7644
7645
7646
7647
7648
7649
7650
7651
7652
7664
7665
7666
7667
7683
7684
7685
7686
7687
7688
7689
7690
7691
7692
7693
7694
7807
7811
7813
7814
7815
7816
7817
7818
7819
7820
7821
7822
7823
7824
7825
7826
7827
7828
7829
7830
7831
7832
7833
7834
7835
7836
7837
7838
7839
7840
7841
7842
7843
7844
7845
7846
7847
7848
7849
7850
7851
7852
7853
7854
7855
7856
7857
7858
7859
7860
7861
7862
7863
7864
7865
7866
7867
7868
7869
7870
7935
7936
7937
7938
7939
7940
7941
7942
7943
7944
7945
7946
7947
7948
7949
7950
7951
7952
7953
7954
7955
7956
7957
7958
7959
7960
7961
7962
7963
7964
7965
7966
7967
8033
8037
8040
8043
8044
8045
8046
8047
8048
8049
8050
8051
8052
8053
8054
8055
8056
8057
8058
8059
8060
8061
8062
8063
8064
8065
8066
8067
8068
8069
8070
8071
8072
8073
8074
8075
8076
8077
8118
8122
8123
8124
8125
8126
8127
8128
8129
8130
8131
8132
8133
8134
8135
8136
8137
8138
8139
8140
8141
8142
8143
8144
8145
8146
8147
8156
8157
8158
8159
8173
8174
8175
8176
8186
8187
8199
8200
8201
8202
8203
8204
8205
8206
8207
8215
8216
8217
8218
8231
8232
8233
8234
8235
8236
8237
8238
8239
8246
8247
8248
8270
8271
8272
8273
8274
8275
8276
8277
8278
8279
8280
8281
8282
8283
8284
8289
8294
8295
8299
8304
8308
8315
8317
8318
8319
8320
8324
8340
8342
8343
8344
8345
8370
8371
8372
8373
8374
8375
8376
8377
8378
8379
8380
8381
8382
8383
8395
8396
8397
8418
8419
8420
8439
8440
8441
8442
8443
8444
8445
8446
8447
8448
8449
8450
8451
8452
8462
8463
8464
8481
8482
8483
8484
8488
8489
8503
8504
8505
8506
8518
8519
8523
8524
8534
8535
8538
8542
8543
8558
8559
8560
8561
8563
8564
8576
8577
8578
8580
8581
8584
8585
8591
8597
8602
8603
8604
8608
8613
8614
8632
8635
8636
8637
8638
8639
8648
8652
8658
8660
8661
8662
8665
8674
8675
8676
8677
8678
8679
8682
8689
8690
8691
8692
8693
8698
8699
8700
8708
8709
8710
8715
8716
8721
8722
8728
8733
8734
8738
8756
8757
8758
8759
8760
8761
8776
8777
8778
8779
8780
8781
8782
8798
8799
8800
8821
8822
8823
8824
8836
8837
8838
8839
8840
8841
8842
8843
8856
8857
8858
8859
8896
8897
8904
8905
8906
8907
8908
8909
8910
8911
8912
8913
8917
8918
8951
8952
8953
8954
8955
8956
8957
8958
8959
8960
8980
8984
8985
8986
8987
8988
8989
8990
9003
9005
9006
9007
9008
9027
9028
9029
9030
9031
9032
9045
9047
9048
9050
9066
9069
9070
9071
9072
9089
9090
9091
9092
9093
9094
9095
9096
9100
9101
9119
9120
9121
9122
9123
9139
9140
9141
9142
9143
9153
9154
9155
9186
9187
9188
9189
9194
9195
9196
9197
9198
9199
9200
9201
9202
9203
9204
9205
9206
9207
9208
9209
9210
9211
9212
9224
9225
9226
9227
9267
9268
9269
9270
9272
9274
9275
9276
9277
9278
9279
9280
9325
9330
9333
9337
9339
9340
9341
9342
9343
9344
9345
9346
9347
9348
9349
9350
9351
9352
9353
9354
9355
9356
9357
9358
9359
9360
9361
9362
9363
9364
9365
9366
9401
9407
9409
9410
9411
9412
9413
9414
9415
9416
9417
9452
9453
9454
9455
9456
9483
9484
9485
9486
9487
9488
9489
9490
9491
9492
9493
9494
9495
9496
9497
9498
9499
9500
9522
9523
9524
9525
9526
9527
9528
9529
9537
9538
9547
9548
9559
9560
9561
9569
9570
9577
9582
9595
9596
9597
9598
9599
9612
9613
9614
9676
9677
9678
9686
9687
9688
9695
9696
9697
9719
9720
9721
9722
9723
9724
9738
9744
9746
9761
9763
9764
9765
9766
9767
9768
9770
9795
9796
9797
9798
9799
9800
9801
9802
9805
9806
9819
9834
9836
9837
9838
9839
9840
9854
9855
9856
9857
9858
9878
9879
9881
9882
9883
9884
9885
9886
9887
9888
9900
9901
9902
9903
9905
9914
9915
9916
9917
10115
10116
10117
10118
10119
10120
10121
10122
10123
10124
10126
10329
10330
10393
10394
10395
10396
10397
10398
10399
10400
10401
10402
10445
10446
10447
10448
10449
10450
10451
10452
10453
10454
10455
10456
10485
10486
10487
10488
10592
10593
10610
10617
10618
10619
10620
10621
10622
10652
10653
10654
10655
10656
10657
10658
10659
10665
10666
10667
10668
10680
10681
10682
10683
10684
10685
10751
10752
10753
10775
10779
10780
10781
10782
10783
10784
10785
10786
10793
10794
10795
10796
10797
10817
10818
10819
10823
10824
10825
10826
10827
10828
10829
10830
10831
10832
10833
10834
10852
10853
10854
10876
10877
10878
10879
10880
10881
10883
10884
10885
10886
10919
10920
10921
10922
10923
10924
10925
10926
10941
10942
10943
10954
10955
10967
10968
10969
10974
10975
10976
10980
10985
10986
11049
11050
11054
11055
11056
11057
11058
11085
11089
11090
11091
11092
11093
11094
11095
11096
11097
11098
11100
11123
11124
11129
11130
11144
11146
11147
11148
11149
11150
11151
11186
11187
11188
11189
11190
11191
11192
11193
11194
11195
11196
11197
11198
11199
11206
11207
11208
11209
11210
11211
11212
11269
11270
11271
11272
11273
11274
11275
11277
11278
11279
11280
11281
11282
11283
11694
11695
11894
11896
11898
11899
11901
11902
11903
11906
11907
11945
11946
11949
11951
11952
11953
11955
11956
11957
11958
11960
11962
11964
11991
11992
11995
11996
11997
11999
12000
12002
12004
12089
12094
12096
12097
12099
12100
12101
12102
12103
12104
12105
12106
12107
12108
12109
12110
12111
12112
12113
12114
12115
12116
12117
12118
12119
12120
12121
12125
12126
12191
12193
12195
12219
12220
12221
12224
12225
12226
12276
12280
12281
12282
12283
12284
12287
12288
12289
12290
12291
12292
12293
12294
12295
12296
12297
12298
12299
12300
12301
12302
12303
12305
12306
12307
12308
12311
12312
12363
12364
12365
12366
12367
12368
12369
12370
12371
12372
12373
12374
12375
12376
12377
12378
12379
12386
12387
12388
12389
12408
12415
12416
12417
12456
12458
12459
12460
12461
12462
12463
12464
12465
12501
12502
12503
12504
12505
12506
12507
12508
12509
12510
12511
12512
12513
12514
12515
12516
12544
12546
12547
12548
12549
12550
12551
12552
12553
12554
12555
12585
12586
12587
12588
12589
12590
12591
12592
12612
12613
12614
12615
12616
12617
12893
12894
12895
12916
12925
12927
12928
12984
12985
12986
12987
12988
12989
13001
13002
13003
13004
13007
13018
13019
13020
13021
13022
13103
13104
13105
13107
13537
13538
13539
13540
13541
13542
13543
13544
13622
13623
13624
13625
13626
13627
14438
14441
14442
14443
14444
14445
14446
14447
14448
14449
14453
14454
14455
14947
14948
14949
14950
14951
14952
14953
14954
14955
14956
14957
14958
14959
14960
14961
14962
14963
14964
14965
14966
14967
14968
14969
14970
14971
14972
14973
14974
14975
14976
14977
14978
15027
15028
15029
15030
15031
15032
15033
15034
15035
15036
15037
15038
15039
15040
15041
15042
15043
15044
15045
15046
15087
15088
15105
15106
15107
15108
15109
15110
15111
15112
15113
15114
15115
15116
15117
15118
15195
15196
15197
15198
15199
15200
15201
15202
15207
15208
15209
15210
15211
15212
15213
15214
15215
15216
15217
15218
15219
15220
15221
15222
15223
15224
15225
15226
15227
15228
15229
15230
15231
15232
15233
15234
15235
15236
15237
15238
15239
15240
15241
15242
15243
15244
15245
15294
15295
15296
15297
15306
15307
15308
15309
15310
15311
15312
15313
15314
15315
15316
15317
15318
15319
15320
15321
15322
15323
15324
15325
15462
15463
15464
15465
15466
15467
15492
15493
15494
15495
15496
15497
15498
15499
15500
15501
15502
15503
15504
15505
15506
15507
15508
15509
15510
15511
15512
15513
15514
15515
15516
15517
15518
15519
15520
15521
15522
15523
15524
15525
15526
15527
15552
15553
15554
15555
15556
15557
15558
15559
15656
15657
15658
15659
15660
15661
15662
15663
15664
15665
15666
15667
15668
15669
15702
15703
15704
15705
15706
15707
15708
15709
15710
15711
15712
15713
15714
15715
15716
15717
15718
15719
15720
15721
15722
15723
15724
15725
15726
15727
15728
15729
15730
15731
15732
15733
15734
15735
15736
15737
15738
15739
15740
15741
15742
15743
15744
15745
15746
15747
15748
15749
15750
15751
15752
15753
15834
15835
15836
15837
15838
15839
15840
15841
15842
15843
15844
15845
15846
15847
15848
15849
15850
15851
15852
15853
15854
15855
15856
15857
15858
15859
15860
15861
15862
15863
15864
15865
15866
15867
15868
15869
15870
15871
15872
15873
15874
15875
15876
15877
15878
15879
15880
15881
15882
15883
15884
15885
15886
15887
15888
15889
15890
15891
15892
15893
15894
15895
15896
15897
16036
16037
16038
16039
16040
16043
16044
16207
16208
16209
16210
16223
16224
16225
16226
16235
16236
16237
16238
16239
16240
16241
16242
16243
16244
16245
16246
16247
16248
16249
16250
16251
16252
16253
16254
16255
16256
16257
16258
16259
16260
16261
16262
16263
16264
16265
16266
16267
16268
16269
16270
16271
16272
16273
16274
16275
16276
16277
16278
16279
16280
16281
16282
16283
16284
16285
16286
16287
16288
16289
16290
16291
16292
16293
16294
16295
16296
16297
16298
16299
16300
16301
16302
16303
16304
16305
16306
16307
16308
16309
16310
16311
16312
16313
16314
16315
16316
16317
16318
16319
16320
16321
16322
16323
16324
16325
16326
16327
16328
16329
16330
16331
16332
16333
16334
16335
16336
16337
16338
16339
16340
16341
16342
16343
16344
16345
16346
16347
16348
16349
16350
16351
16352
16353
16401
16402
16403
16404
16405
16406
16407
16408
16409
16410
16411
16412
16413
16414
16415
16416
16417
16418
16419
16420
16421
16422
16423
16424
16425
16426
16427
16428
16429
16430
16431
16432
16433
16434
16435
16436
16437
16438
16439
16440
16441
16442
16443
16444
16445
16446
16447
16448
16503
16504
16505
16506
16507
16508
16509
16510
16511
16512
16513
16514
16515
16516
16517
16518
16527
16528
16529
16530
16531
16532
16533
16534
16535
16536
16537
16538
16539
16540
16541
16542
16543
16544
16545
16546
16547
16548
16549
16550
16551
16552
16553
16554
16555
16556
16557
16558
16559
16560
16561
16562
16563
16564
16565
16566
16567
16568
16569
16570
16571
16572
16573
16574
16575
16576
16577
16578
16587
16588
16589
16590
16595
16596
16597
16598
16599
16600
16601
16602
16674
16675
16676
16677
16678
16679
16680
16681
16682
16683
16684
16685
16686
16687
16688
16689
16782
16783
16784
16785
16794
16795
16796
16797
16806
16807
16808
16809
16814
16815
16816
16817
16818
16819
16820
16821
16822
16823
16824
16825
16826
16827
16828
16829
16830
16831
16832
16833
16882
16883
16884
16885
16886
16887
16888
16889
16890
16891
16892
16893
16894
16895
16896
16897
16898
16899
16900
16901
16902
16903
16904
16905
17010
17011
17012
17013
17014
17015
17016
17017
17018
17019
17020
17021
17022
17023
17024
17025
17026
17027
17028
17029
17030
17031
17032
17033
17034
17035
17036
17037
17038
17039
17040
17041
17042
17043
17044
17045
17046
17047
17048
17049
17050
17051
17052
17053
17054
17055
17056
17057
17058
17059
17060
17061
17062
17063
17064
17065
17066
17067
17068
17069
17070
17071
17072
17073
17074
17075
17076
17077
17078
17079
17080
17081
17082
17083
17084
17085
17086
17087
17088
17089
17090
17091
17092
17093
17094
17095
17096
17097
17122
17123
17124
17125
17126
17127
17272
17273
17274
17275
17276
17277
17278
17279
17284
17285
17286
17287
17304
17305
17306
17307
17308
17309
17310
17311
17312
17313
17314
17315
17316
17317
17318
17319
17320
17321
17322
17323
17324
17325
17326
17327
17328
17329
17330
17331
17332
17333
17334
17335
17336
17337
17338
17339
17340
17341
17342
17343
17344
17345
17346
17347
17348
17349
17350
17351
17352
17353
17354
17355
17356
17357
17358
17359
17360
17361
17362
17363
17364
17365
17366
17367
17368
17369
17370
17371
17372
17373
17374
17375
17376
17377
17378
17379
17380
17381
17382
17383
17384
17385
17386
17387
17388
17389
17390
17391
17392
17393
17394
17395
17396
17397
17398
17399
17400
17401
17402
17403
17404
17405
17406
17407
17408
17409
17410
17411
17412
17413
17414
17415
17416
17417
17418
17419
17420
17421
17422
17423
17424
17425
17426
17427
17428
17429
17430
17431
17432
17433
17434
17435
17436
17437
17438
17439
17440
17441
17442
17443
17444
17445
17446
17447
17448
17449
17450
17451
17544
17545
17546
17547
17548
17549
17550
17551
17552
17553
17554
17555
17556
17557
17558
17559
17560
17561
17562
17563
17564
17565
17566
17567
17568
17569
17570
17571
17572
17573
17574
17575
17576
17577
17578
17579
17580
17581
17582
17583
17584
17585
17586
17587
17588
17589
17698
17699
17700
17701
17702
17703
17704
17705
17706
17707
17708
17709
17710
17711
17712
17713
17726
17727
17728
17729
17730
17731
17732
17733
17734
17735
17736
17737
17738
17739
17740
17741
17742
17743
17744
17745
17746
17747
17748
17749
17750
17751
17752
17753
17754
17755
17756
17757
17758
17759
17760
17761
17762
17763
17764
17765
17766
17767
17768
17769
17770
17771
17772
17773
17774
17775
17776
17777
17778
17779
17780
17808
17809
17810
17811
17866
17867
17868
17869
17870
17871
17872
17873
17874
17875
17876
17877
17878
17879
17880
17881
17882
17883
18094
18095
18096
18097
18098
18099
18100
18101
18102
18103
18104
18105
18106
18107
18108
18109
18114
18115
18116
18117
18118
18119
18120
18121
18122
18123
18124
18125
18126
18127
18128
18129
18130
18131
18132
18133
18134
18135
18136
18137
18138
18139
18140
18141
18142
18143
18144
18145
18146
18147
18148
18149
18150
18151
18152
18153
18154
18155
18156
18157
18158
18159
18160
18161
18162
18163
18164
18165
18166
18167
18168
18169
18170
18171
18172
18173
18174
18175
18176
18177
18178
18179
18180
18181
18182
18183
18184
18185
18186
18187
18188
18189
18190
18191
18192
18193
18446
18447
18448
18449
18450
18451
18452
18453
18462
18463
18464
18465
18466
18467
18468
18469
18470
18471
18472
18473
18474
18475
18476
18477
18478
18479
18480
18481
18482
18483
18484
18485
18486
18487
18488
18489
18490
18491
18492
18493
18494
18495
18496
18497
18498
18499
18500
18501
18502
18503
18504
18505
18506
18507
18508
18509
18510
18511
18512
18513
18514
18515
18516
18517
18518
18519
18520
18521
18522
18523
18524
18525
18526
18527
18528
18529
18530
18531
18532
18533
18534
18535
18536
18537
18538
18539
18540
18541
18542
18543
18544
18545
18546
18547
18548
18549
18550
18551
18552
18553
18554
18555
18556
18557
18558
18559
18560
18561
18562
18563
18564
18565
18566
18567
18568
18569
18570
18571
18572
18573
18574
18575
18576
18577
18578
18579
18580
18581
18582
18583
18584
18585
18586
18587
18588
18589
18590
18591
18592
18593
18594
18595
18596
18597
18598
18599
18600
18601
18602
18603
18604
18605
18606
18607
18608
18609
18610
18611
18612
18613
18614
18615
18616
18617
18618
18619
18620
18621
18622
18623
18624
18625
18626
18627
18628
18629
18630
18631
18632
18633
18634
18635
18636
18637
18638
18639
18640
18641
18642
18643
18644
18645
18646
18647
18648
18649
18789
18790
18791
18792
18793
18794
18795
18796
18797
18798
18799
18800
18801
18802
18803
18804
18805
18806
18807
18808
18809
18810
18811
18812
18813
18814
18815
18816
18817
18818
18819
18820
18821
18822
18823
18824
18825
18826
18827
18828
18829
18830
18831
18832
18833
18834
18835
18836
18837
18838
18839
18840
18841
18842
18843
18844
18845
18846
18847
18848
18921
18922
18923
18924
18937
18938
18939
18940
18941
18942
18943
18944
18945
18946
18947
18948
18949
18950
18951
18952
18953
18954
18955
18956
18957
18958
18959
18960
18961
18962
18963
18964
18965
18966
18967
18968
18969
18970
18971
18972
18973
18974
18975
18976
18977
18978
18979
18980
18981
18982
18983
18984
18985
18986
18987
18988
19097
19098
19099
19100
19109
19110
19111
19112
19129
19130
19131
19132
19133
19134
19135
19136
19137
19138
19139
19140
19141
19142
19143
19144
19145
19146
19147
19148
19149
19150
19151
19152
19153
19154
19155
19156
19157
19158
19159
19160
19161
19162
19163
19164
19165
19166
19167
19168
19217
19218
19219
19220
19221
19222
19223
19224
19225
19226
19227
19228
19229
19230
19231
19232
19233
19234
19235
19236
19237
19238
19239
19240
19241
19242
19243
19244
19245
19246
19247
19248
19309
19310
19311
19312
19313
19314
19315
19316
19317
19318
19319
19320
19321
19322
19323
19324
19325
19326
19327
19328
19461
19462
19463
19464
19465
19466
19467
19468
19469
19470
19471
19472
19473
19474
19475
19476
19477
19478
19479
19480
19481
19482
19483
19484
19517
19518
19519
19520
19521
19522
19523
19524
19525
19526
19527
19528
19529
19530
19531
19532
19533
19534
19535
19536
19537
19538
19539
19540
19541
19542
19543
19544
19545
19546
19547
19548
19581
19582
19583
19584
19585
19586
19587
19588
19589
19590
19591
19592
19593
19594
19595
19596
19749
19750
19751
19752
19753
19754
19755
19756
19757
19758
19759
19760
19761
19762
19763
19764
19765
19766
19767
19768
19769
19770
19771
19772
19781
19782
19783
19784
19785
19786
19787
19788
19789
19790
19791
19792
19793
19794
19795
19796
19797
19798
19799
19800
19801
19802
19803
19804
19805
19806
19807
19808
19877
19878
19879
19880
19881
19882
19883
19884
19885
19886
19887
19888
19889
19890
19891
19892
19893
19894
19895
19896
19897
19898
19899
19900
19901
19902
19903
19904
19905
19906
19907
19908
19909
19910
19911
19912
19913
19914
19915
19956
19957
19958
19959
19968
19969
19970
19971
19972
19973
19974
19975
20084
20085
20086
20087
20088
20089
20090
20091
20092
20093
20094
20095
20096
20097
20098
20099
20100
20101
20102
20103
20164
20165
20166
20167
20168
20169
20170
20171
20172
20173
20174
20175
20176
20177
20178
20179
20180
20181
20182
20183
20184
20185
20186
20187
20188
20189
20190
20191
20192
20193
20194
20195
20196
20197
20198
20199
20200
20201
20202
20203
20220
20221
20222
20223
20224
20225
20226
20227
20272
20273
20274
20275
20276
20277
20278
20279
20280
20281
20282
20283
20284
20285
20286
20287
20288
20289
20290
20291
20292
20293
20294
20295
20296
20297
20298
20299
20300
20301
20302
20303
20304
20329
20330
20331
20332
20333
20334
20335
20336
20337
20338
20339
20340
20341
20342
20343
20344
20345
20346
20347
20348
20349
20350
20351
20352
20365
20366
20443
20444
20445
20446
20447
20448
20449
20450
20451
20452
20453
20454
20455
20456
20457
20458
20459
20460
20461
20462
20463
20464
20465
20466
20467
20468
20469
20470
20471
20472
20473
20474
20475
20476
20477
20478
20479
20480
20481
20482
20483
20484
20485
20486
20487
20488
20489
20490
20491
20492
20493
20494
20495
20496
20497
20498
20499
20500
20501
20502
20511
20512
20513
20514
20536
20537
20538
20539
20544
20545
20546
20547
20548
20549
20550
20551
20552
20553
20554
20555
20556
20557
20558
20559
20560
20561
20562
20563
20592
20593
20594
20595
20596
20597
20598
20599
20600
20601
20602
20603
20604
20605
20606
20607
20608
20609
20610
20611
20612
20613
20614
20615
20616
20617
20618
20619
20620
20621
20622
20623
20624
20625
20626
20709
20710
20711
20712
20713
20714
20715
20716
20721
20722
20723
20724
20725
20726
20727
20728
20729
20730
20731
20732
20733
20734
20735
20736
20737
20738
20739
20740
20741
20742
20743
20744
20745
20746
20747
20748
20749
20750
20751
20752
20753
20754
20755
20756
20757
20758
20759
20760
20761
20762
20763
20764
20781
20782
20783
20784
20785
20786
20787
20788
20789
20790
20791
20792
20793
20794
20795
20796
20797
20798
20799
20800
20801
20802
20803
20804
20805
20806
20807
20808
20809
20810
20811
20812
20813
20814
20815
20816
20817
20818
20819
20820
20821
20822
20823
20824
20825
20826
20827
20863
20864
20865
20866
20867
20868
20869
20870
20871
20872
20873
20874
20875
20876
20877
20878
20879
20880
20881
20882
20883
20884
20885
20886
20887
20888
20889
20890
20963
20964
20965
20966
20971
20972
20973
20974
20979
20980
20981
20982
20983
20984
20985
20986
20987
20988
20989
20990
20991
20992
20993
20994
20995
20996
20997
20998
20999
21000
21001
21002
21003
21004
21005
21006
21007
21008
21009
21010
21011
21012
21013
21014
21015
21016
21017
21018
21019
21020
21021
21022
21023
21024
21025
21026
21027
21028
21029
21030
21031
21032
21043
21044
21045
21046
21047
21048
21049
21050
21051
21052
21053
21054
21063
21064
21105
21106
21107
21108
21113
21114
21115
21116
21117
21118
21119
21120
21121
21122
21123
21124
21125
21126
21127
21128
21129
21130
21131
21132
21212
21213
21214
21215
21216
21217
21218
21219
21220
21221
21222
21223
21224
21225
21226
21227
21228
21229
21230
21231
21232
21233
21234
21235
21236
21237
21238
21239
21240
21241
21242
21243
21287
21288
21289
21290
21303
21304
21305
21306
21307
21308
21309
21362
21363
21364
21365
21366
21367
21368
21369
21370
21371
21372
21373
21450
21451
21452
21453
21454
21455
21456
21457
21458
21459
21460
21461
21462
21463
21464
21465
21466
21467
21468
21469
21470
21471
21472
21473
21474
21475
21476
21477
21478
21479
21480
21481
21482
21483
21484
21485
21486
21487
21488
21489
21490
21491
21492
21493
21494
21495
21496
21497
21498
21499
21500
21501
21502
21503
21504
21505
21550
21551
21552
21553
21558
21559
21560
21561
21562
21563
21564
21565
21566
21567
21568
21569
21570
21571
21572
21573
21586
21587
21588
21589
21590
21591
21592
21593
21638
21639
21640
21641
21642
21643
21644
21645
21646
21647
21648
21649
21666
21667
21668
21669
21670
21671
21672
21673
21698
21699
21700
21701
)


// ************************************************************************* //
