/*--------------------------------*- C++ -*----------------------------------*\
| =========                 |                                                 |
| \\      /  F ield         | OpenFOAM: The Open Source CFD Toolbox           |
|  \\    /   O peration     | Version:  2.3.x                                 |
|   \\  /    A nd           | Web:      www.OpenFOAM.org                      |
|    \\/     M anipulation  |                                                 |
\*---------------------------------------------------------------------------*/
FoamFile
{
    version     2.0;
    format      ascii;
    class       labelList;
    location    "constant/polyMesh";
    object      pointProcAddressing;
}
// * * * * * * * * * * * * * * * * * * * * * * * * * * * * * * * * * * * * * //


4212
(
62
63
64
65
66
67
68
69
70
71
72
73
74
75
76
77
78
79
80
81
82
83
84
85
103
104
105
106
107
108
109
110
111
112
113
114
115
116
117
118
119
120
121
122
123
124
125
126
127
128
146
147
148
149
150
151
152
153
154
155
156
157
158
159
160
161
162
163
164
165
166
167
168
169
170
171
189
190
191
192
193
194
195
196
197
198
199
200
201
202
203
204
205
206
207
208
209
210
211
212
213
214
232
233
234
235
236
237
238
239
240
241
242
243
244
245
246
247
248
249
250
251
252
253
254
255
256
257
275
276
277
278
279
280
281
282
283
284
285
286
287
288
289
290
291
292
293
294
295
296
297
298
299
300
351
352
353
354
355
356
357
358
359
360
361
362
363
364
365
366
367
368
369
370
371
372
373
374
392
393
394
395
396
397
398
399
400
401
402
403
404
405
406
407
408
409
410
411
412
413
414
415
416
417
435
436
437
438
439
440
441
442
443
444
445
446
447
448
449
450
451
452
453
454
455
456
457
458
459
460
478
479
480
481
482
483
484
485
486
487
488
489
490
491
492
493
494
495
496
497
498
499
500
501
502
503
521
522
523
524
525
526
527
528
529
530
531
532
533
534
535
536
537
538
539
540
541
542
543
544
545
546
564
565
566
567
568
569
570
571
572
573
574
575
576
577
578
579
580
581
582
583
584
585
586
587
588
589
651
652
653
654
656
657
658
659
660
661
662
663
664
665
666
667
668
669
670
671
672
673
674
675
693
694
695
696
697
698
699
700
701
702
703
704
705
706
707
708
709
710
711
712
713
714
715
716
717
718
736
737
738
739
740
741
742
743
744
745
746
747
748
749
750
751
752
753
754
755
756
757
758
759
760
761
779
780
781
782
783
784
785
786
787
788
789
790
791
792
793
794
795
796
797
798
799
800
801
802
803
804
822
823
824
825
826
827
828
829
830
831
832
833
834
835
836
837
838
839
840
841
842
843
844
845
846
847
865
866
867
868
869
870
871
872
873
874
875
876
877
878
879
880
881
882
883
884
885
886
887
888
889
890
951
952
953
954
955
956
957
958
959
960
961
962
963
964
965
966
967
968
969
970
971
972
973
974
975
976
994
995
996
997
998
999
1000
1001
1002
1003
1004
1005
1006
1007
1008
1009
1010
1011
1012
1013
1014
1015
1016
1017
1018
1019
1037
1038
1039
1040
1041
1042
1043
1044
1045
1046
1047
1048
1049
1050
1051
1052
1053
1054
1055
1056
1057
1058
1059
1060
1061
1062
1080
1081
1082
1083
1084
1085
1086
1087
1088
1089
1090
1091
1092
1093
1094
1095
1096
1097
1098
1099
1100
1101
1102
1103
1104
1105
1123
1124
1125
1126
1127
1128
1129
1130
1131
1132
1133
1134
1135
1136
1137
1138
1139
1140
1141
1142
1143
1144
1145
1146
1147
1148
1166
1167
1168
1169
1170
1171
1172
1173
1174
1175
1176
1177
1178
1179
1180
1181
1182
1183
1184
1185
1186
1187
1188
1189
1190
1191
1252
1253
1254
1255
1256
1257
1258
1259
1260
1261
1262
1263
1264
1265
1266
1267
1268
1269
1270
1271
1272
1273
1274
1275
1276
1277
1295
1296
1297
1298
1299
1300
1301
1302
1303
1304
1305
1306
1307
1308
1309
1310
1311
1312
1313
1314
1315
1316
1317
1318
1319
1320
1338
1339
1340
1341
1342
1343
1344
1345
1346
1347
1348
1349
1350
1351
1352
1353
1354
1355
1356
1357
1358
1359
1360
1361
1362
1363
1381
1382
1383
1384
1385
1386
1387
1388
1389
1390
1391
1392
1393
1394
1395
1396
1397
1398
1399
1400
1401
1402
1403
1404
1405
1406
1424
1425
1426
1427
1428
1429
1430
1431
1432
1433
1434
1435
1436
1437
1438
1439
1440
1441
1442
1443
1444
1445
1446
1447
1448
1449
1467
1468
1469
1470
1471
1472
1473
1474
1475
1476
1477
1478
1479
1480
1481
1482
1483
1484
1485
1486
1487
1488
1489
1490
1491
1492
1553
1554
1555
1556
1557
1558
1559
1560
1561
1562
1563
1564
1565
1566
1567
1568
1569
1570
1571
1572
1573
1574
1575
1576
1577
1578
1596
1597
1598
1599
1600
1601
1602
1603
1604
1605
1606
1607
1608
1609
1610
1611
1612
1613
1614
1615
1616
1617
1618
1619
1620
1621
1639
1640
1641
1642
1643
1644
1645
1646
1647
1648
1649
1650
1651
1652
1653
1654
1655
1656
1657
1658
1659
1660
1661
1662
1663
1664
1682
1683
1684
1685
1686
1687
1688
1689
1690
1691
1692
1693
1694
1695
1696
1697
1698
1699
1700
1701
1702
1703
1704
1705
1706
1707
1725
1726
1727
1728
1729
1730
1731
1732
1733
1734
1735
1736
1737
1738
1739
1740
1741
1742
1743
1744
1745
1746
1747
1748
1749
1750
1768
1769
1770
1771
1772
1773
1774
1775
1776
1777
1778
1779
1780
1781
1782
1783
1784
1785
1786
1787
1788
1789
1790
1791
1792
1793
1854
1855
1856
1857
1858
1859
1860
1861
1862
1863
1864
1865
1866
1867
1868
1869
1870
1871
1872
1873
1874
1875
1876
1877
1878
1879
1897
1898
1899
1900
1901
1902
1903
1904
1905
1906
1907
1908
1909
1910
1911
1912
1913
1914
1915
1916
1917
1918
1919
1920
1921
1922
1940
1941
1942
1943
1944
1945
1946
1947
1948
1949
1950
1951
1952
1953
1954
1955
1956
1957
1958
1959
1960
1961
1962
1963
1964
1965
1983
1984
1985
1986
1987
1988
1989
1990
1991
1992
1993
1994
1995
1996
1997
1998
1999
2000
2001
2002
2003
2004
2005
2006
2007
2008
2026
2027
2028
2029
2030
2031
2032
2033
2034
2035
2036
2037
2038
2039
2040
2041
2042
2043
2044
2045
2046
2047
2048
2049
2050
2051
2069
2070
2071
2072
2073
2074
2075
2076
2077
2078
2079
2080
2081
2082
2083
2084
2085
2086
2087
2088
2089
2090
2091
2092
2093
2094
2102
2103
2107
2108
2115
2143
2144
2145
2156
2157
2158
2159
2160
2178
2179
2180
2182
2183
2191
2192
2193
2194
2195
2225
2226
2227
2228
2229
2230
2241
2242
2243
2244
2258
2259
2260
2266
2272
2290
2291
2292
2293
2294
2295
2304
2313
2315
2316
2317
2318
2319
2320
2328
2343
2346
2347
2348
2361
2363
2371
2372
2379
2392
2401
2402
2407
2408
2409
2456
2457
2469
2470
2518
2520
2521
2565
2566
2567
2568
2569
2570
2571
2572
2584
2585
2586
2587
2588
2589
2590
2591
2616
2617
2618
2659
2660
2663
2665
2667
2668
2669
2670
2671
2672
2691
2693
2695
2697
2698
2699
2700
2703
2753
2754
2755
2757
2758
2761
2762
2763
2764
2775
2777
2807
2808
2809
2810
2811
2812
2813
2814
2850
2851
2852
2854
2855
2856
2857
2909
2910
2911
2912
2913
2914
2926
2938
2939
2940
2941
2942
2943
2955
2956
2957
2958
2959
2960
2961
2994
2996
3003
3006
3008
3016
3017
3035
3036
3037
3038
3048
3049
3050
3057
3082
3083
3084
3085
3100
3101
3102
3135
3136
3137
3138
3145
3146
3147
3148
3149
3169
3171
3172
3173
3174
3175
3176
3177
3191
3192
3194
3195
3196
3197
3198
3199
3200
3246
3247
3248
3249
3250
3251
3252
3257
3258
3259
3273
3274
3283
3284
3285
3316
3317
3318
3320
3321
3360
3361
3362
3363
3364
3367
3368
3369
3370
3372
3373
3432
3433
3435
3436
3437
3438
3439
3446
3448
3449
3450
3451
3462
3464
3517
3518
3519
3520
3521
3522
3523
3524
3541
3542
3543
3544
3545
3583
3584
3585
3617
3618
3619
3620
3621
3622
3623
3624
3640
3641
3642
3643
3644
3645
3646
3647
3648
3649
3650
3651
3708
3710
3711
3712
3723
3724
3725
3726
3801
3805
3809
3810
3812
3814
3840
3841
3842
3843
3844
3845
3859
3860
3861
3862
3912
3913
3914
3916
3918
3920
3921
3923
3924
3925
3927
3928
3929
3930
3952
3953
3954
3955
3956
3958
3961
3963
3965
3966
3967
3968
4008
4009
4010
4011
4020
4030
4031
4032
4033
4034
4035
4036
4049
4062
4063
4064
4065
4066
4067
4068
4086
4116
4119
4120
4121
4122
4123
4124
4125
4126
4144
4157
4158
4159
4213
4214
4215
4216
4217
4218
4219
4220
4221
4222
4223
4224
4225
4226
4227
4228
4251
4260
4274
4276
4277
4278
4279
4280
4281
4282
4283
4284
4285
4286
4287
4288
4289
4295
4321
4322
4323
4379
4380
4381
4382
4384
4385
4386
4387
4388
4389
4390
4391
4392
4439
4440
4441
4442
4443
4444
4445
4447
4505
4540
4541
4542
4543
4544
4545
4546
4547
4567
4568
4569
4570
4571
4572
4573
4574
4575
4576
4577
4578
4579
4609
4614
4638
4639
4645
4646
4652
4653
4659
4660
4698
4699
4700
4701
4702
4703
4704
4711
4712
4713
4714
4738
4763
4793
4794
4795
4796
4807
4808
4809
4810
4811
4812
4813
4814
4815
4899
4900
4901
4902
4903
4904
4905
4906
4907
4908
4909
4910
4911
4912
5110
5111
5117
5118
5119
5130
5131
5132
5133
5134
5151
5173
5174
5175
5177
5178
5179
5180
5181
5182
5183
5184
5195
5196
5197
5198
5199
5249
5250
5251
5253
5254
5255
5261
5262
5288
5289
5290
5291
5292
5293
5299
5300
5301
5302
5303
5304
5305
5352
5353
5369
5370
5371
5372
5414
5415
5419
5422
5423
5424
5425
5426
5441
5442
5443
5444
5445
5447
5448
5449
5450
5451
5452
5497
5510
5511
5555
5563
5564
5565
5566
5567
5568
5569
5570
5571
5608
5610
5627
5628
5650
5667
5668
5669
5675
5676
5677
5678
5679
5759
5760
5763
5769
5770
5772
5773
5775
5776
5777
5800
5801
5803
5804
5805
5806
5908
5909
5910
5911
5912
5913
5914
5921
5922
5923
5924
5925
5926
5927
5928
5929
5930
5974
5975
5976
5978
5996
5997
5998
5999
6000
6001
6003
6009
6010
6011
6012
6013
6014
6015
6016
6017
6018
6019
6020
6066
6069
6091
6163
6164
6165
6252
6253
6254
6255
6256
6257
6258
6259
6445
6446
6490
6491
6492
6579
6582
6585
6586
6827
6828
6829
6830
6831
6832
6833
6854
6859
6860
6861
6862
6863
6864
6865
6866
6867
6923
6924
6926
6927
6928
6929
6930
6931
6932
6933
6934
6935
6936
6937
6938
6939
6960
6965
6966
6967
6968
6969
6970
6971
6972
6973
7157
7163
7164
7165
7166
7167
7168
7169
7170
7171
7172
7173
7174
7175
7176
7177
7178
7179
7180
7181
7182
7183
7184
7185
7186
7187
7188
7189
7190
7191
7192
7193
7194
7238
7239
7240
7241
7242
7243
7244
7245
7246
7247
7248
7249
7250
7251
7252
7253
7254
7349
7350
7351
7352
7353
7354
7473
7474
7475
7476
7591
7592
7593
7594
7595
7596
7597
7598
7599
7600
7601
7632
7633
7634
7635
7636
7637
7638
7639
7640
7641
7642
7643
7644
7645
7646
7647
7648
7650
7849
7850
7851
7852
7853
7854
7855
7856
7857
7858
7859
7860
7861
7862
7863
7864
7865
7866
7867
7868
7869
7870
8204
8205
8207
8208
8217
8238
8247
8295
8304
8377
8378
8379
8380
8381
8382
8383
8489
8519
8538
8584
8585
8603
8604
8639
8710
8780
8781
8782
8988
9094
9095
9096
9101
9139
9140
9141
9142
9143
9355
9356
9357
9358
9359
9360
9361
9363
9364
9626
9627
9628
9629
9630
9633
9634
9644
9645
9646
9647
9648
9651
9652
9665
9666
9667
9668
9669
9670
9678
9679
9680
9697
9698
9705
9706
9722
9723
9724
9725
9726
9737
9738
9739
9740
9741
9742
9743
9768
9769
9770
9799
9800
9801
9802
9803
9804
9805
9806
9807
9817
9818
9819
9856
9857
9858
9885
9886
9887
9888
9889
9890
9900
9901
9902
9903
9904
9905
9906
9925
9926
9927
9928
9929
9930
9931
9939
9940
9941
9942
9943
9944
9945
9952
9953
9954
9966
9967
9968
9969
9990
9991
9992
9993
9994
9995
10075
10076
10078
10079
10080
10081
10082
10083
10084
10085
10086
10087
10088
10089
10090
10091
10121
10122
10123
10124
10125
10126
10127
10128
10129
10130
10131
10132
10133
10134
10135
10136
10137
10138
10139
10140
10141
10142
10143
10148
10149
10150
10151
10184
10185
10186
10188
10189
10190
10191
10192
10194
10195
10197
10198
10199
10200
10201
10215
10216
10217
10218
10219
10220
10221
10222
10223
10224
10225
10226
10227
10228
10229
10230
10231
10232
10233
10238
10239
10240
10241
10286
10287
10289
10290
10292
10293
10294
10295
10297
10298
10300
10301
10302
10303
10304
10306
10307
10308
10309
10310
10311
10312
10330
10331
10332
10333
10334
10335
10336
10337
10338
10339
10340
10341
10342
10343
10344
10345
10346
10347
10348
10349
10350
10351
10352
10353
10354
10364
10365
10366
10367
10368
10369
10451
10452
10455
10456
10457
10458
10460
10461
10462
10463
10464
10465
10466
10467
10468
10469
10470
10471
10487
10488
10489
10490
10491
10492
10493
10494
10495
10496
10497
10498
10512
10513
10514
10515
10516
10517
10551
10552
10553
10554
10555
10569
10570
10571
10572
10573
10580
10581
10593
10594
10595
10596
10597
10607
10608
10609
10621
10622
10659
10663
10665
10666
10667
10668
10669
10670
10684
10685
10686
10687
10688
10689
10690
10713
10714
10715
10719
10720
10721
10752
10753
10754
10755
10756
10757
10758
10759
10760
10761
10762
10783
10784
10786
10787
10788
10789
10790
10791
10792
10829
10831
10832
10834
10842
10854
10855
10856
10857
10858
10859
10865
10866
10878
10879
10880
10881
10882
10883
10884
10885
10886
10887
10888
10889
10897
10923
10924
10925
10926
10931
10932
10933
10942
10943
10968
10969
10976
10980
11026
11027
11028
11029
11094
11095
11096
11097
11098
11099
11100
11101
11102
11103
11104
11123
11124
11125
11126
11127
11128
11129
11130
11131
11150
11151
11194
11198
11199
11203
11204
11205
11206
11207
11208
11209
11210
11211
11212
11229
11231
11274
11275
11276
11278
11279
11280
11281
11282
11284
11285
11286
11287
11288
11292
11297
11298
11306
11310
11313
11314
11325
11326
11327
11328
11329
11335
11336
11337
11338
11339
11344
11345
11346
11357
11358
11359
11360
11361
11362
11383
11384
11385
11386
11387
11388
11389
11390
11408
11410
11411
11412
11413
11414
11416
11417
11418
11419
11420
11421
11434
11436
11437
11438
11440
11441
11442
11443
11444
11446
11447
11448
11449
11450
11451
11452
11476
11477
11478
11480
11482
11483
11484
11485
11486
11487
11488
11489
11509
11510
11511
11525
11526
11546
11547
11631
11638
11641
11644
11660
11661
11662
11663
11664
11665
11666
11667
11668
11669
11670
11671
11672
11673
11674
11675
11676
11677
11678
11679
11695
11696
11697
11698
11699
11700
11701
11702
11703
11704
11705
11706
11735
11738
11751
11752
11753
11754
11755
11756
11757
11758
11759
11760
11761
11762
11763
11764
11765
11766
11767
11768
11769
11770
11771
11783
11784
11785
11786
11787
11788
11789
11790
11791
11792
11810
11819
11822
11825
11828
11844
11845
11846
11847
11848
11849
11850
11851
11852
11853
11854
11855
11856
11857
11858
11859
11860
11861
11862
11863
11864
11865
11866
11867
11868
11869
11899
11904
11905
11906
11907
11908
11909
11910
11911
11912
11913
11914
11915
11916
11960
11967
11996
12001
12002
12003
12004
12005
12006
12007
12024
12027
12028
12029
12030
12031
12032
12111
12112
12113
12114
12115
12116
12117
12118
12119
12120
12121
12122
12123
12124
12125
12126
12127
12128
12129
12130
12131
12132
12133
12134
12165
12185
12186
12188
12189
12190
12191
12192
12193
12194
12195
12196
12197
12198
12199
12200
12201
12202
12203
12204
12205
12206
12207
12208
12209
12210
12211
12212
12213
12214
12225
12227
12295
12302
12304
12305
12306
12307
12308
12309
12310
12311
12312
12371
12372
12373
12374
12375
12378
12379
12380
12381
12382
12383
12385
12386
12387
12388
12389
12390
12407
12408
12409
12410
12411
12412
12413
12414
12415
12416
12417
12507
12508
12509
12510
12511
12512
12513
12515
12516
12552
12553
12554
12555
12556
12557
12558
12559
12560
12585
12586
12587
12588
12589
12590
12591
12592
12593
12594
12595
12596
12597
12598
12623
12629
12631
12633
12634
12635
12636
12637
12638
12639
12640
12641
12642
12643
12644
12650
12655
12656
12657
12658
12659
12660
12661
12662
12663
12664
12665
12681
12682
12683
12684
12685
12686
12709
12719
12720
12721
12722
12723
12724
12725
12726
12727
12728
12729
12730
12781
12782
12783
12784
12785
12786
12787
12788
12789
12790
12791
12792
12964
12965
12967
12968
12970
12972
12974
12987
12988
12989
12990
13003
13004
13007
13008
13009
13021
13022
13028
13029
13030
13032
13039
13040
13041
13042
13043
13044
13045
13046
13047
13053
13054
13055
13056
13057
13058
13059
13060
13061
13068
13069
13070
13071
13072
13073
13074
13075
13076
13077
13078
13085
13086
13087
13088
13089
13090
13091
13092
13093
13094
13095
13106
13107
13144
13145
13146
13147
13148
13149
13150
13151
13152
13153
13154
13155
13156
13157
13158
13159
13160
13161
13162
13163
13164
13165
13166
13167
13168
13169
13170
13171
13200
13201
13202
13203
13204
13205
13206
13207
13208
13209
13210
13211
13212
13213
13214
13215
13216
13217
13218
13219
13220
13221
13222
13223
13224
13225
13226
13227
13243
13244
13245
13246
13247
13248
13249
13250
13251
13252
13253
13254
13255
13256
13257
13278
13280
13281
13282
13283
13285
13286
13287
13288
13290
13291
13292
13293
13294
13296
13297
13298
13299
13300
13301
13302
13303
13304
13305
13306
13307
13308
13309
13310
13311
13312
13313
13314
13315
13316
13317
13318
13319
13320
13321
13322
13323
13324
13325
13326
13327
13328
13329
13330
13354
13355
13357
13358
13359
13360
13361
13363
13364
13365
13366
13367
13369
13370
13371
13372
13373
13374
13376
13377
13378
13379
13380
13381
13382
13383
13384
13385
13386
13387
13388
13389
13390
13391
13392
13393
13394
13395
13396
13397
13398
13399
13400
13401
13402
13403
13404
13405
13406
13407
13408
13409
13410
13411
13412
13413
13414
13443
13444
13445
13446
13449
13451
13455
13456
13457
13458
13459
13460
13462
13463
13464
13465
13466
13467
13468
13469
13470
13471
13472
13473
13474
13475
13476
13477
13478
13479
13480
13481
13482
13483
13484
13485
13486
13487
13488
13489
13490
13491
13492
13493
13494
13495
13496
13497
13498
13499
13500
13501
13502
13513
13514
13515
13516
13517
13518
13519
13520
13521
13541
13542
13544
13545
13546
13547
13548
13549
13550
13551
13552
13553
13554
13555
13556
13557
13558
13559
13560
13561
13562
13563
13564
13565
13566
13579
13580
13581
13582
13583
13584
13585
13586
13587
13588
13589
13590
13591
13592
13593
13594
13595
13596
13597
13598
13599
13600
13601
13602
13603
13604
13605
13606
13614
13615
13626
13627
13643
13644
13645
13648
13649
13650
13656
13657
13658
13659
13660
13661
13669
13672
13673
13677
13702
13703
13704
13705
13706
13707
13708
13709
13710
13711
13712
13713
13714
13715
13716
13717
13718
13719
13720
13721
13722
13723
13724
13748
13749
13750
13751
13752
13753
13754
13755
13756
13757
13758
13759
13760
13761
13762
13763
13764
13765
13766
13767
13768
13769
13770
13794
13795
13796
13797
13798
13799
13800
13801
13802
13803
13804
13805
13806
13807
13808
13809
13810
13811
13812
13813
13814
13815
13816
13848
13850
13851
13853
13854
13855
13856
13858
13859
13860
13861
13863
13864
13865
13866
13868
13869
13870
13871
13873
13874
13875
13876
13878
13879
13880
13881
13882
13884
13885
13886
13887
13888
13889
13890
13891
13892
13893
13894
13895
13896
13897
13898
13899
13900
13901
13902
13903
13904
13943
13945
13946
13947
13949
13950
13951
13952
13953
13954
13958
13959
13961
13962
13963
13964
13965
13966
13969
13970
13971
13973
13974
13975
13976
13977
13978
13980
13981
13982
13983
13984
13985
13987
13988
13989
13990
13991
13992
13993
13994
13995
13996
13997
13998
13999
14000
14001
14002
14003
14004
14005
14006
14007
14008
14009
14010
14011
14055
14058
14059
14060
14061
14063
14064
14065
14066
14067
14068
14070
14071
14072
14075
14077
14078
14079
14080
14082
14083
14084
14087
14088
14089
14090
14091
14092
14094
14095
14096
14097
14098
14099
14101
14102
14103
14104
14105
14106
14107
14108
14109
14110
14111
14112
14113
14114
14115
14116
14117
14118
14119
14120
14121
14122
14123
14124
14125
14126
14127
14128
14145
14151
14152
14153
14154
14155
14156
14157
14158
14159
14160
14161
14162
14163
14164
14165
14166
14167
14168
14169
14170
14171
14172
14173
14174
14175
14176
14177
14178
14179
14180
14181
14182
14183
14184
14185
14186
14187
14188
14189
14190
14191
14192
14193
14194
14195
14196
14197
14198
14199
14200
14201
14222
14228
14229
14230
14231
14232
14233
14234
14235
14236
14237
14238
14239
14240
14241
14242
14243
14244
14245
14246
14247
14248
14249
14250
14251
14252
14253
14254
14255
14256
14257
14258
14259
14260
14261
14262
14263
14264
14265
14266
14267
14268
14269
14270
14271
14272
14273
14274
14275
14276
14277
14278
14279
14280
14281
14282
14307
14311
14312
14313
14314
14315
14317
14318
14319
14320
14321
14322
14323
14324
14325
14326
14327
14329
14330
14331
14332
14333
14334
14335
14336
14337
14338
14339
14340
14341
14342
14343
14344
14345
14346
14347
14348
14349
14350
14351
14352
14353
14354
14355
14356
14357
14358
14359
14360
14361
14362
14363
14364
14365
14366
14367
14369
14372
14375
14378
14381
14384
14386
14387
14388
14389
14390
14391
14392
14393
14394
14395
14396
14397
14398
14399
14400
14401
14402
14403
14404
14405
14406
14407
14408
14409
14410
14411
14412
14413
14414
14415
14416
14417
14418
14447
14450
14451
14452
14453
14454
14455
14489
14496
14499
14507
14514
14517
14525
14532
14535
14542
14548
14550
14552
14553
14554
14555
14556
14557
14558
14559
14560
14561
14562
14563
14564
14565
14566
14567
14568
14569
14570
14571
14572
14573
14574
14575
14576
14577
14578
14579
14580
14581
14582
14583
14584
14585
14586
14587
14588
14589
14590
14591
14592
14593
14594
14595
14596
14597
14598
14599
14600
14601
14602
14603
14604
14605
14606
14607
14608
14609
14610
14611
14618
14636
14643
14646
14654
14671
14679
14681
14682
14683
14684
14685
14686
14687
14688
14689
14690
14691
14692
14693
14694
14695
14696
14697
14698
14699
14700
14701
14702
14703
14704
14705
14706
14707
14708
14709
14710
14711
14712
14713
14714
14715
14716
14717
14718
14719
14720
14721
14722
14723
14724
14725
14726
14727
14728
14729
14730
14731
14732
14733
14734
14735
14736
14737
14738
14739
14740
14747
14754
14761
14768
14774
14775
14776
14777
14778
14779
14780
14781
14782
14783
14784
14785
14786
14787
14788
14789
14790
14791
14792
14793
14794
14795
14796
14797
14798
14799
14800
14801
14802
14803
14804
14860
14862
14863
14865
14866
14868
14869
14871
14872
14876
14877
14878
14882
14883
14884
14888
14889
14890
14894
14895
14896
15656
15657
15658
15659
15660
15661
15858
15859
15860
15861
15862
15863
15864
15865
15866
15867
15868
15869
15870
15871
15872
15873
15874
15875
15876
15877
15878
15879
15880
15881
15882
15883
15884
15885
15886
15887
15888
15889
15890
15891
15892
15893
15894
15895
15896
15897
16036
16037
16038
16039
16040
16043
16044
16433
16437
16551
16552
16553
16554
16555
16556
16557
16558
16559
16560
16561
16562
16563
16564
16565
16566
16567
16568
16569
16570
16571
16572
16573
16574
16575
16576
16577
16578
16579
16583
16587
16588
16589
16590
16591
16595
16596
16597
16598
16599
16600
16601
16602
16674
16675
16676
16677
16678
16679
16680
16681
16682
16683
16684
16688
16689
16890
16898
17058
17059
17060
17061
17062
17063
17064
17065
17066
17067
17068
17069
17070
17071
17072
17073
17074
17075
17076
17077
17078
17079
17080
17081
17082
17083
17084
17085
17086
17087
17088
17089
17090
17091
17092
17093
17094
17095
17096
17097
17122
17123
17124
17125
17126
17127
17408
17412
17428
17440
17808
17809
17810
17811
17866
17867
17868
17869
17870
17871
17872
17873
17874
17875
17876
17877
17878
17879
17880
17881
17882
17883
18154
18155
18156
18157
18158
18159
18160
18161
18162
18163
18164
18165
18166
18167
18168
18169
18170
18171
18172
18173
18174
18175
18176
18177
18178
18179
18180
18181
18182
18183
18184
18185
18186
18187
18188
18189
18190
18191
18192
18193
18586
18590
18642
19233
19234
19235
19236
19237
19238
19239
19240
19241
19242
19243
19244
19245
19246
19247
19248
19897
19898
19899
19900
19901
19902
19903
19904
19905
19906
19907
19908
19909
19910
19911
19912
19913
19914
19915
20292
20293
20294
20295
20296
20297
20298
20299
20300
20301
20302
20303
20304
20345
20346
20347
20348
20349
20350
20351
20352
20471
20472
20473
20474
20479
20480
20481
20482
20483
20484
20485
20486
20487
20488
20489
20490
20491
20492
20493
20494
20495
20496
20497
20498
20499
20500
20501
20502
20552
20553
20554
20555
20556
20557
20558
20559
20560
20561
20562
20563
20592
20593
20594
20595
20596
20597
20598
20599
20600
20601
20602
20603
20604
20605
20606
20607
20608
20609
20610
20611
20612
20613
20614
20622
20623
20624
20625
20626
20753
20754
20755
20756
20757
20758
20759
20760
20761
20762
20763
20764
20879
20880
20881
20882
20883
20884
20885
20886
20887
20888
20889
20890
21027
21028
21051
21052
21053
21054
21063
21064
21232
21233
21234
21235
21236
21237
21238
21239
21240
21241
21242
21243
21303
21304
21305
21306
21307
21308
21309
21370
21371
21372
21373
)


// ************************************************************************* //
