/*--------------------------------*- C++ -*----------------------------------*\
| =========                 |                                                 |
| \\      /  F ield         | OpenFOAM: The Open Source CFD Toolbox           |
|  \\    /   O peration     | Version:  2.3.0                                 |
|   \\  /    A nd           | Web:      www.OpenFOAM.org                      |
|    \\/     M anipulation  |                                                 |
\*---------------------------------------------------------------------------*/
FoamFile
{
    version     2.0;
    format      ascii;
    class       labelList;
    location    "constant/polyMesh";
    object      pointProcAddressing;
}
// * * * * * * * * * * * * * * * * * * * * * * * * * * * * * * * * * * * * * //


5993
(
0
1
2
3
4
5
6
7
8
9
10
11
12
13
43
44
45
46
47
48
49
50
51
52
53
54
55
56
86
87
88
89
90
91
92
93
94
95
96
97
98
99
129
130
131
132
133
134
135
136
137
138
139
140
141
142
143
172
173
174
175
176
177
178
179
180
181
182
183
184
185
186
187
215
216
217
218
219
220
221
222
223
224
225
226
227
228
229
230
258
259
260
261
262
263
264
265
266
267
268
269
270
271
272
273
301
302
303
304
305
306
307
308
309
310
311
312
313
338
339
340
341
342
343
344
345
346
347
348
349
350
375
376
377
378
379
380
381
382
383
384
385
386
387
388
418
419
420
421
422
423
424
425
426
427
428
429
430
431
432
461
462
463
464
465
466
467
468
469
470
471
472
473
474
475
476
504
505
506
507
508
509
510
511
512
513
514
515
516
517
518
519
547
548
549
550
551
552
553
554
555
556
557
558
559
560
561
562
590
591
592
593
594
595
596
597
598
599
600
601
602
603
633
634
635
636
637
638
639
640
641
642
643
644
645
646
676
677
678
679
680
681
682
683
684
685
686
687
688
689
719
720
721
722
723
724
725
726
727
728
729
730
731
732
733
762
763
764
765
766
767
768
769
770
771
772
773
774
775
776
777
805
806
807
808
809
810
811
812
813
814
815
816
817
818
819
820
848
849
850
851
852
853
854
855
856
857
858
859
860
861
862
863
891
892
893
894
895
896
897
898
899
900
901
902
903
904
934
935
936
937
938
939
940
941
942
943
944
945
946
947
977
978
979
980
981
982
983
984
985
986
987
988
989
990
1020
1021
1022
1023
1024
1025
1026
1027
1028
1029
1030
1031
1032
1033
1034
1063
1064
1065
1066
1067
1068
1069
1070
1071
1072
1073
1074
1075
1076
1077
1078
1106
1107
1108
1109
1110
1111
1112
1113
1114
1115
1116
1117
1118
1119
1120
1121
1149
1150
1151
1152
1153
1154
1155
1156
1157
1158
1159
1160
1161
1162
1163
1164
1192
1193
1194
1195
1196
1197
1198
1199
1200
1201
1202
1203
1204
1205
1206
1235
1236
1237
1238
1239
1240
1241
1242
1243
1244
1245
1246
1247
1248
1249
1278
1279
1280
1281
1282
1283
1284
1285
1286
1287
1288
1289
1290
1291
1292
1321
1322
1323
1324
1325
1326
1327
1328
1329
1330
1331
1332
1333
1334
1335
1336
1364
1365
1366
1367
1368
1369
1370
1371
1372
1373
1374
1375
1376
1377
1378
1379
1407
1408
1409
1410
1411
1412
1413
1414
1415
1416
1417
1418
1419
1420
1421
1422
1450
1451
1452
1453
1454
1455
1456
1457
1458
1459
1460
1461
1462
1463
1464
1465
1493
1494
1495
1496
1497
1498
1499
1500
1501
1502
1503
1504
1505
1506
1507
1508
1536
1537
1538
1539
1540
1541
1542
1543
1544
1545
1546
1547
1548
1549
1550
1551
1579
1580
1581
1582
1583
1584
1585
1586
1587
1588
1589
1590
1591
1592
1593
1594
1622
1623
1624
1625
1626
1627
1628
1629
1630
1631
1632
1633
1634
1635
1636
1637
1665
1666
1667
1668
1669
1670
1671
1672
1673
1674
1675
1676
1677
1678
1679
1680
1708
1709
1710
1711
1712
1713
1714
1715
1716
1717
1718
1719
1720
1721
1722
1723
1751
1752
1753
1754
1755
1756
1757
1758
1759
1760
1761
1762
1763
1764
1765
1766
1794
1795
1796
1797
1798
1799
1800
1801
1802
1803
1804
1805
1806
1807
1808
1809
1837
1838
1839
1840
1841
1842
1843
1844
1845
1846
1847
1848
1849
1850
1851
1852
1880
1881
1882
1883
1884
1885
1886
1887
1888
1889
1890
1891
1892
1893
1894
1895
1923
1924
1925
1926
1927
1928
1929
1930
1931
1932
1933
1934
1935
1936
1937
1938
1966
1967
1968
1969
1970
1971
1972
1973
1974
1975
1976
1977
1978
1979
1980
1981
2009
2010
2011
2012
2013
2014
2015
2016
2017
2018
2019
2020
2021
2022
2023
2024
2052
2053
2054
2055
2056
2057
2058
2059
2060
2061
2062
2063
2064
2065
2066
2067
2095
2097
2098
2104
2106
2110
2111
2116
2117
2118
2119
2120
2121
2122
2127
2128
2129
2130
2131
2132
2133
2146
2147
2148
2149
2161
2162
2163
2164
2165
2170
2171
2172
2173
2174
2184
2185
2186
2187
2196
2197
2198
2199
2200
2208
2209
2210
2211
2212
2213
2214
2231
2232
2233
2234
2248
2249
2250
2251
2261
2262
2267
2268
2269
2270
2274
2275
2276
2277
2279
2280
2296
2297
2298
2299
2300
2306
2307
2308
2309
2310
2321
2322
2330
2331
2332
2333
2335
2336
2349
2350
2354
2355
2356
2357
2365
2366
2367
2374
2375
2380
2381
2386
2387
2388
2393
2394
2396
2403
2404
2406
2411
2428
2429
2430
2431
2432
2433
2434
2435
2436
2458
2459
2460
2461
2462
2464
2465
2466
2467
2468
2471
2472
2476
2477
2478
2491
2492
2493
2494
2495
2496
2497
2498
2499
2500
2501
2522
2523
2524
2525
2526
2527
2534
2535
2536
2537
2538
2539
2540
2545
2546
2547
2548
2549
2550
2552
2573
2574
2575
2576
2581
2582
2583
2596
2597
2598
2599
2600
2601
2602
2619
2620
2626
2627
2628
2629
2630
2631
2632
2633
2634
2635
2636
2637
2638
2639
2640
2673
2674
2675
2676
2677
2678
2679
2685
2686
2687
2688
2689
2690
2704
2705
2712
2713
2714
2715
2716
2717
2718
2719
2720
2721
2722
2723
2724
2725
2726
2727
2765
2766
2781
2782
2783
2784
2785
2786
2787
2788
2789
2790
2791
2792
2793
2815
2816
2817
2828
2829
2830
2831
2832
2833
2835
2836
2858
2859
2860
2861
2862
2863
2864
2866
2867
2885
2886
2887
2888
2889
2890
2891
2892
2893
2894
2895
2896
2915
2916
2917
2918
2919
2920
2921
2922
2923
2928
2929
2944
2945
2946
2947
2948
2949
2952
2953
2954
2964
2965
2974
2975
2982
2983
2984
2986
2997
2998
3009
3012
3018
3019
3020
3025
3026
3027
3039
3040
3041
3046
3047
3052
3058
3071
3072
3073
3074
3075
3091
3092
3103
3104
3105
3115
3116
3120
3121
3122
3125
3126
3139
3140
3141
3144
3151
3163
3164
3178
3185
3186
3201
3202
3203
3204
3215
3216
3217
3218
3219
3220
3221
3222
3223
3224
3253
3254
3260
3261
3268
3269
3275
3282
3286
3287
3288
3289
3290
3291
3297
3298
3299
3300
3301
3302
3303
3304
3305
3307
3322
3323
3324
3325
3326
3335
3336
3337
3338
3339
3340
3341
3342
3343
3344
3345
3374
3375
3376
3377
3378
3379
3380
3392
3393
3394
3395
3396
3397
3398
3399
3400
3401
3403
3404
3405
3406
3407
3440
3441
3442
3455
3456
3457
3458
3459
3460
3461
3467
3468
3469
3474
3475
3496
3497
3498
3499
3500
3501
3502
3503
3504
3530
3531
3546
3547
3548
3549
3564
3565
3566
3567
3568
3569
3570
3586
3587
3588
3589
3590
3591
3597
3598
3599
3600
3625
3626
3627
3628
3629
3630
3631
3636
3637
3638
3639
3656
3657
3658
3659
3692
3693
3694
3695
3696
3697
3715
3716
3717
3718
3719
3744
3745
3746
3747
3748
3749
3750
3751
3752
3753
3754
3755
3756
3757
3758
3759
3760
3761
3762
3763
3764
3825
3826
3827
3828
3829
3846
3847
3848
3870
3871
3872
3873
3874
3875
3876
3877
3878
3879
3880
3882
3883
3884
3885
3886
3887
3931
3932
3933
3934
3935
3936
3937
3938
3939
3940
3949
3950
3951
3975
3976
3977
3978
3979
3980
3981
3982
3983
3985
3986
3988
4012
4024
4025
4026
4037
4038
4053
4054
4055
4069
4070
4071
4072
4073
4074
4075
4090
4091
4092
4093
4094
4095
4096
4097
4127
4128
4129
4130
4131
4132
4133
4134
4135
4136
4137
4138
4161
4162
4163
4164
4165
4166
4167
4168
4169
4170
4171
4172
4174
4175
4176
4177
4229
4230
4231
4232
4233
4234
4235
4236
4237
4238
4239
4240
4241
4242
4243
4264
4265
4266
4267
4268
4269
4270
4271
4272
4273
4297
4298
4299
4300
4345
4346
4347
4348
4349
4350
4351
4352
4353
4354
4355
4356
4357
4358
4359
4360
4408
4409
4410
4411
4413
4414
4415
4449
4450
4451
4452
4453
4454
4455
4457
4458
4459
4489
4490
4491
4492
4493
4494
4495
4506
4507
4508
4509
4510
4511
4512
4513
4520
4521
4522
4523
4548
4549
4550
4551
4552
4553
4554
4555
4556
4557
4558
4559
4565
4566
4582
4583
4592
4597
4598
4610
4611
4615
4616
4627
4628
4634
4640
4641
4647
4648
4654
4655
4661
4662
4666
4667
4668
4669
4670
4674
4675
4676
4677
4679
4681
4705
4706
4707
4708
4709
4710
4718
4733
4734
4742
4744
4746
4764
4765
4767
4780
4781
4782
4783
4784
4785
4786
4788
4797
4798
4799
4800
4805
4806
4818
4819
4820
4821
4822
4823
4824
4833
4834
4835
4836
4837
4838
4839
4840
4841
4842
4843
4844
4845
4846
4847
4848
4849
4913
4914
4915
4916
4917
4918
4919
4920
4921
4922
4923
4924
4925
4926
4927
4966
4967
4968
4969
4970
4971
4972
5022
5023
5024
5025
5026
5027
5028
5029
5054
5055
5056
5057
5058
5059
5060
5061
5082
5083
5084
5085
5086
5112
5113
5114
5120
5121
5122
5123
5125
5135
5136
5137
5138
5140
5141
5142
5143
5144
5145
5146
5152
5153
5154
5155
5156
5157
5158
5185
5186
5187
5188
5190
5200
5201
5202
5203
5204
5205
5206
5207
5208
5224
5228
5229
5230
5231
5232
5233
5234
5256
5257
5264
5265
5266
5267
5268
5269
5270
5272
5294
5295
5296
5297
5298
5307
5308
5309
5310
5311
5312
5313
5314
5315
5316
5317
5318
5324
5325
5326
5327
5328
5329
5330
5332
5333
5355
5356
5357
5373
5374
5375
5376
5377
5382
5383
5384
5385
5386
5387
5388
5389
5390
5391
5392
5393
5394
5395
5428
5429
5430
5431
5432
5433
5434
5453
5454
5455
5456
5457
5458
5459
5460
5461
5462
5463
5464
5473
5474
5475
5476
5477
5478
5500
5501
5502
5503
5512
5513
5514
5515
5516
5517
5520
5521
5522
5523
5524
5525
5526
5531
5532
5533
5534
5572
5573
5574
5575
5576
5577
5578
5589
5590
5591
5592
5593
5594
5595
5596
5597
5599
5617
5618
5619
5620
5622
5623
5629
5630
5631
5632
5633
5651
5652
5656
5657
5658
5659
5660
5662
5670
5671
5672
5674
5714
5715
5716
5717
5718
5719
5720
5721
5722
5723
5724
5725
5779
5780
5781
5782
5783
5784
5785
5786
5788
5789
5790
5791
5792
5793
5794
5795
5796
5816
5817
5818
5819
5820
5821
5822
5823
5854
5855
5856
5857
5858
5875
5876
5877
5878
5879
5880
5881
5885
5886
5887
5888
5889
5890
5915
5916
5917
5918
5919
5920
5934
5935
5936
5937
5943
5944
5945
5946
5947
5948
5949
5950
5951
5952
5954
5955
5957
5979
5980
5981
5982
5983
5984
5989
5990
5991
5992
5993
5994
5995
6023
6024
6025
6026
6027
6034
6035
6036
6037
6038
6039
6040
6041
6042
6043
6073
6086
6087
6092
6093
6094
6095
6119
6136
6137
6138
6139
6140
6150
6151
6152
6153
6154
6158
6166
6167
6168
6169
6170
6171
6192
6193
6194
6195
6196
6197
6198
6204
6205
6206
6207
6208
6209
6210
6211
6212
6213
6214
6215
6216
6260
6261
6262
6263
6264
6265
6266
6267
6268
6269
6270
6271
6272
6273
6318
6319
6320
6321
6322
6357
6358
6359
6360
6361
6362
6363
6364
6365
6366
6400
6401
6402
6415
6416
6417
6418
6419
6420
6421
6422
6423
6424
6449
6450
6451
6452
6453
6454
6457
6458
6459
6460
6476
6477
6478
6479
6493
6494
6495
6496
6497
6498
6499
6500
6501
6502
6503
6504
6505
6506
6511
6527
6528
6529
6530
6531
6532
6534
6535
6536
6537
6538
6539
6540
6541
6542
6543
6544
6545
6588
6589
6590
6591
6592
6593
6594
6595
6596
6604
6605
6607
6608
6609
6610
6632
6633
6634
6637
6638
6639
6640
6653
6669
6671
6693
6695
6778
6779
6780
6781
6782
6783
6784
6785
6786
6788
6789
6810
6811
6812
6813
6834
6835
6836
6837
6838
6839
6840
6841
6842
6868
6869
6870
6871
6872
6873
6874
6875
6876
6877
6878
6879
6880
6881
6882
6883
6884
6885
6886
6887
6888
6889
6940
6941
6942
6943
6944
6945
6946
6947
6948
6974
6975
6976
6977
6978
6979
6980
6981
6982
6983
6984
6985
7006
7007
7008
7009
7010
7011
7012
7013
7014
7015
7016
7017
7018
7019
7020
7021
7022
7023
7024
7025
7026
7044
7045
7046
7047
7048
7049
7050
7051
7052
7053
7054
7055
7056
7057
7058
7059
7060
7061
7062
7066
7068
7069
7070
7076
7077
7078
7079
7080
7081
7195
7196
7197
7198
7199
7200
7201
7202
7203
7204
7205
7206
7207
7208
7209
7210
7211
7212
7213
7214
7215
7216
7218
7219
7220
7221
7222
7223
7224
7225
7226
7227
7228
7229
7230
7231
7232
7233
7234
7235
7236
7237
7266
7276
7277
7278
7322
7323
7324
7325
7326
7327
7328
7329
7330
7331
7332
7333
7365
7366
7375
7377
7378
7379
7384
7385
7386
7387
7388
7477
7478
7479
7480
7481
7482
7483
7484
7489
7490
7491
7492
7542
7543
7551
7552
7553
7554
7555
7556
7557
7558
7559
7560
7561
7562
7563
7564
7565
7566
7567
7568
7571
7572
7573
7574
7602
7603
7604
7605
7606
7607
7608
7609
7610
7611
7612
7613
7614
7615
7625
7626
7627
7628
7629
7630
7631
7658
7659
7668
7669
7670
7695
7696
7697
7698
7699
7700
7701
7702
7703
7704
7705
7706
7707
7708
7709
7710
7711
7728
7729
7730
7731
7732
7733
7734
7735
7736
7737
7738
7739
7740
7741
7742
7743
7744
7745
7746
7747
7748
7749
7750
7751
7752
7753
7754
7755
7756
7757
7758
7759
7760
7761
7871
7872
7873
7874
7875
7876
7877
7878
7879
7880
7881
7882
7885
7886
7887
7888
7889
7890
7891
7892
7893
7894
7895
7896
7897
7898
7899
7900
7902
7981
7982
7983
7984
7985
7986
7987
7988
7989
7990
7991
7992
7993
8078
8079
8080
8081
8082
8083
8084
8085
8086
8087
8088
8089
8090
8091
8092
8093
8094
8095
8096
8148
8149
8150
8151
8160
8161
8162
8163
8164
8167
8180
8181
8182
8183
8189
8190
8191
8192
8193
8209
8210
8211
8212
8219
8222
8240
8241
8242
8249
8250
8251
8252
8253
8254
8285
8290
8291
8296
8300
8301
8302
8303
8310
8321
8325
8326
8327
8328
8329
8330
8331
8332
8333
8346
8347
8348
8349
8350
8351
8352
8353
8354
8355
8384
8385
8386
8387
8388
8398
8399
8400
8401
8402
8403
8404
8405
8406
8407
8408
8453
8454
8455
8465
8466
8467
8468
8485
8490
8491
8492
8493
8494
8507
8508
8509
8510
8511
8512
8513
8515
8520
8521
8525
8526
8527
8528
8529
8531
8532
8536
8537
8539
8540
8544
8565
8566
8568
8569
8582
8583
8586
8587
8589
8590
8592
8594
8595
8598
8599
8609
8610
8615
8618
8619
8620
8621
8622
8623
8624
8625
8626
8627
8628
8640
8641
8642
8646
8647
8653
8663
8694
8695
8701
8702
8703
8711
8712
8717
8718
8724
8735
8739
8740
8741
8742
8743
8744
8745
8746
8762
8763
8764
8765
8766
8767
8783
8784
8785
8786
8787
8788
8789
8801
8802
8803
8804
8805
8806
8807
8808
8844
8845
8846
8847
8860
8861
8862
8863
8864
8865
8866
8867
8868
8869
8870
8871
8872
8873
8914
8919
8920
8921
8922
8923
8924
8925
8926
8927
8928
8929
8930
8963
8964
8965
8966
8967
8968
8969
8970
8972
8973
8974
8975
8991
8992
8993
8994
8995
8996
8997
8998
9010
9013
9033
9034
9036
9037
9051
9052
9053
9054
9055
9056
9073
9074
9075
9076
9077
9078
9079
9080
9097
9102
9103
9104
9105
9106
9107
9108
9124
9125
9126
9127
9128
9129
9130
9131
9132
9133
9134
9135
9136
9137
9138
9161
9162
9163
9164
9165
9213
9214
9215
9230
9231
9232
9233
9234
9235
9236
9237
9238
9239
9240
9241
9242
9243
9244
9245
9246
9247
9248
9281
9282
9283
9284
9285
9286
9287
9288
9289
9290
9291
9292
9293
9294
9295
9296
9297
9298
9299
9300
9301
9302
9303
9304
9305
9306
9367
9368
9369
9370
9371
9372
9373
9374
9375
9376
9377
9378
9379
9380
9381
9382
9383
9384
9385
9386
9418
9419
9420
9421
9422
9423
9424
9425
9426
9427
9428
9429
9430
9431
9432
9433
9434
9501
9502
9503
9504
9505
9530
9531
9539
9540
9541
9549
9550
9551
9552
9553
9554
9562
9563
9573
9578
9583
9584
9585
9586
9587
9600
9601
9602
9615
9616
9617
9623
9624
9625
9631
9632
9635
9636
9642
9643
9649
9650
9653
9654
9655
9662
9663
9664
9671
9672
9673
9674
9681
9682
9683
9684
9690
9691
9692
9693
9699
9700
9701
9707
9708
9709
9710
9711
9712
9713
9714
9727
9728
9729
9730
9735
9736
9748
9749
9750
9751
9752
9754
9773
9774
9775
9776
9777
9778
9779
9780
9781
9782
9783
9784
9785
9786
9810
9811
9812
9813
9814
9815
9816
9820
9821
9822
9823
9824
9825
9827
9841
9842
9843
9844
9845
9846
9847
9848
9849
9859
9860
9861
9862
9865
9866
9867
9868
9891
9892
9893
9894
9895
9896
9897
9898
9899
9907
9908
9909
9946
9947
9948
9955
9956
9957
9962
9963
9964
9965
9970
9971
9972
9973
9996
9998
9999
10000
10001
10002
10003
10004
10005
10006
10007
10008
10009
10010
10011
10012
10013
10014
10015
10016
10017
10018
10031
10033
10034
10035
10036
10037
10038
10039
10040
10041
10042
10043
10044
10045
10046
10047
10064
10065
10066
10067
10068
10069
10070
10071
10072
10073
10074
10092
10093
10094
10095
10096
10097
10098
10099
10100
10101
10102
10103
10104
10105
10106
10144
10145
10146
10147
10152
10153
10154
10155
10156
10157
10158
10176
10177
10178
10179
10180
10181
10182
10183
10202
10203
10204
10205
10206
10207
10208
10209
10210
10211
10212
10213
10214
10234
10235
10236
10237
10242
10243
10244
10245
10246
10247
10248
10249
10275
10276
10277
10278
10279
10280
10281
10282
10283
10284
10313
10314
10315
10316
10317
10318
10319
10320
10321
10322
10323
10324
10325
10326
10355
10356
10357
10358
10359
10360
10361
10370
10371
10372
10373
10374
10375
10376
10377
10378
10379
10380
10381
10382
10383
10418
10419
10420
10421
10422
10423
10424
10425
10426
10427
10428
10429
10430
10431
10432
10433
10472
10473
10474
10475
10476
10477
10478
10479
10480
10481
10482
10499
10500
10501
10502
10503
10504
10505
10507
10518
10519
10520
10521
10522
10523
10524
10525
10527
10537
10538
10539
10540
10541
10542
10543
10544
10546
10556
10557
10558
10559
10560
10561
10562
10564
10574
10575
10576
10577
10582
10583
10584
10585
10587
10588
10589
10598
10599
10600
10601
10602
10603
10606
10611
10612
10613
10614
10623
10624
10625
10626
10627
10628
10629
10630
10637
10638
10639
10640
10641
10642
10643
10671
10672
10673
10674
10675
10676
10677
10691
10692
10693
10694
10695
10696
10697
10698
10699
10703
10704
10705
10706
10707
10708
10709
10710
10711
10712
10716
10717
10718
10722
10723
10724
10725
10737
10738
10739
10740
10741
10742
10743
10744
10745
10746
10747
10748
10763
10764
10765
10766
10767
10768
10769
10770
10800
10801
10802
10803
10804
10805
10806
10807
10808
10809
10810
10835
10836
10837
10838
10839
10840
10844
10845
10846
10847
10848
10849
10860
10861
10862
10863
10868
10869
10870
10871
10872
10873
10874
10890
10891
10892
10893
10894
10896
10898
10899
10900
10903
10904
10905
10906
10907
10908
10909
10934
10935
10936
10937
10938
10944
10945
10946
10947
10948
10949
10950
10951
10952
10956
10957
10958
10959
10960
10961
10962
10963
10964
10970
10971
10977
10978
10979
10981
10982
10987
10988
10989
10990
10991
10992
10993
10994
10995
10996
10997
10998
10999
11000
11001
11002
11003
11004
11005
11006
11007
11008
11009
11010
11011
11012
11013
11014
11015
11016
11017
11018
11019
11020
11021
11022
11023
11024
11030
11031
11032
11033
11034
11035
11036
11037
11038
11039
11040
11041
11042
11043
11059
11060
11061
11062
11063
11067
11068
11069
11070
11071
11072
11073
11074
11076
11077
11105
11106
11107
11108
11109
11110
11111
11112
11113
11119
11120
11121
11122
11133
11134
11135
11136
11137
11138
11139
11152
11157
11158
11159
11160
11161
11162
11163
11164
11165
11166
11167
11168
11169
11170
11171
11213
11214
11215
11216
11217
11221
11222
11223
11224
11225
11226
11227
11228
11235
11236
11237
11238
11239
11240
11241
11242
11243
11244
11245
11246
11247
11248
11249
11250
11251
11252
11253
11254
11255
11256
11257
11258
11290
11291
11295
11296
11299
11300
11301
11302
11303
11304
11307
11308
11316
11317
11318
11319
11340
11347
11348
11349
11356
11363
11364
11365
11391
11392
11393
11394
11395
11396
11397
11398
11399
11433
11453
11454
11455
11456
11469
11470
11471
11495
11496
11497
11498
11504
11512
11513
11519
11520
11521
11522
11523
11527
11528
11529
11530
11531
11532
11540
11541
11542
11543
11544
11548
11549
11550
11551
11552
11553
11554
11555
11556
11557
11558
11559
11560
11561
11569
11572
11573
11574
11575
11576
11577
11578
11579
11587
11588
11589
11590
11591
11592
11593
11594
11595
11596
11597
11598
11599
11601
11602
11603
11604
11605
11606
11607
11608
11609
11610
11611
11612
11613
11614
11615
11616
11617
11618
11619
11620
11621
11622
11623
11624
11625
11626
11646
11647
11648
11649
11650
11651
11652
11653
11654
11655
11656
11657
11658
11659
11680
11681
11682
11683
11684
11685
11686
11687
11688
11689
11690
11691
11707
11708
11709
11710
11711
11712
11713
11714
11715
11716
11717
11718
11719
11740
11741
11742
11743
11744
11745
11746
11747
11748
11749
11750
11772
11773
11774
11775
11776
11777
11778
11779
11780
11781
11782
11793
11794
11795
11796
11797
11798
11799
11800
11801
11802
11803
11830
11831
11832
11833
11834
11835
11836
11837
11838
11839
11840
11841
11842
11843
11870
11871
11872
11873
11874
11875
11876
11877
11878
11879
11880
11881
11882
11883
11884
11885
11886
11887
11917
11918
11919
11920
11921
11922
11923
11924
11925
11926
11927
11928
11929
11930
11931
11932
11933
11934
11936
11969
11970
11971
11972
11973
11974
11975
11976
11977
11978
11979
11980
11981
11982
11983
11984
12008
12009
12010
12011
12012
12013
12014
12015
12016
12017
12033
12034
12035
12036
12037
12038
12039
12040
12041
12042
12043
12044
12048
12049
12050
12051
12052
12053
12054
12055
12056
12057
12058
12059
12060
12061
12062
12063
12064
12065
12066
12067
12068
12069
12070
12071
12135
12136
12137
12138
12139
12140
12141
12142
12143
12144
12145
12146
12147
12172
12173
12174
12175
12176
12177
12178
12179
12180
12181
12182
12183
12184
12229
12230
12231
12232
12233
12234
12235
12236
12237
12238
12239
12240
12241
12242
12243
12244
12245
12246
12247
12248
12249
12250
12255
12256
12257
12258
12317
12318
12319
12320
12321
12322
12323
12324
12325
12326
12327
12328
12329
12330
12331
12332
12333
12334
12335
12336
12337
12338
12339
12340
12341
12342
12343
12344
12345
12346
12393
12394
12395
12396
12397
12398
12399
12400
12401
12402
12403
12404
12405
12406
12418
12419
12420
12421
12422
12423
12424
12425
12426
12427
12428
12429
12430
12431
12432
12433
12434
12435
12436
12437
12438
12439
12440
12441
12442
12443
12444
12447
12448
12466
12467
12468
12469
12470
12471
12472
12473
12474
12475
12476
12477
12478
12479
12480
12481
12482
12483
12484
12485
12486
12487
12488
12489
12490
12491
12517
12518
12519
12520
12521
12522
12523
12524
12525
12526
12527
12528
12532
12533
12534
12535
12561
12562
12563
12564
12565
12566
12567
12568
12569
12570
12571
12572
12573
12574
12575
12576
12577
12578
12579
12580
12581
12582
12583
12584
12599
12600
12601
12602
12603
12604
12605
12666
12667
12668
12669
12670
12671
12672
12673
12674
12687
12688
12689
12690
12691
12692
12693
12694
12711
12712
12713
12714
12715
12716
12717
12718
12731
12732
12733
12734
12735
12736
12737
12738
12794
12795
12796
12799
12800
12801
12802
12803
12804
12805
12806
12807
12808
12809
12810
12811
12812
12813
12814
12815
12816
12817
12818
12819
12820
12821
12822
12823
12824
12825
12826
12827
12828
12829
12830
12831
12832
12833
12834
12835
12836
12837
12838
12839
12840
12841
12842
12843
12870
12871
12872
12873
12874
12875
12876
12877
12878
12879
12880
12881
12882
12883
12884
12885
12886
12887
12888
12889
12890
12891
12913
12914
12919
12920
12922
12931
12932
12933
12941
12947
12948
12949
12953
12954
12955
12956
12957
12958
12959
12960
12961
12962
12975
12976
12977
12978
12979
12991
12992
12993
12994
12995
12996
13010
13011
13012
13033
13096
13097
13098
13108
13109
13110
13111
13112
13113
13114
13115
13258
13503
13512
13522
13523
13524
13525
13526
13527
13528
13607
13608
13609
13610
13611
13612
13613
13616
13617
13618
13619
13628
13629
13630
13631
13632
13633
13634
13635
13636
13637
13638
13639
13640
13655
13662
13663
13664
13665
13666
13667
13674
13675
13678
13817
14419
14420
14421
14422
14423
14424
14425
14426
14427
14428
14456
14457
14458
14459
14460
14461
14462
14463
14464
14465
14466
14467
14468
14469
14470
14471
14472
14473
14474
14475
14476
14477
14478
14479
14480
14481
14482
14805
14806
14829
14897
14898
14899
14900
14901
14902
14903
14904
14905
14906
14907
14908
14909
14910
14911
14912
14913
14914
14979
14980
14981
14982
14983
14984
14985
14986
14987
14988
14989
14990
14991
14992
14993
14994
15047
15048
15049
15050
15051
15052
15053
15054
15055
15056
15057
15058
15059
15060
15061
15062
15063
15064
15065
15066
15067
15068
15069
15070
15071
15072
15073
15074
15075
15076
15077
15078
15079
15080
15081
15082
15083
15084
15085
15086
15159
15160
15161
15162
15163
15164
15165
15166
15246
15247
15248
15249
15250
15251
15252
15253
15254
15255
15256
15257
15258
15259
15260
15261
15262
15263
15264
15265
15266
15267
15268
15269
15270
15271
15272
15273
15274
15275
15276
15277
15326
15327
15328
15329
15330
15331
15332
15333
15334
15335
15336
15337
15338
15339
15340
15341
15342
15343
15344
15345
15346
15347
15348
15349
15350
15351
15352
15353
15354
15355
15356
15357
15358
15359
15360
15361
15362
15363
15364
15365
15366
15367
15368
15369
15370
15371
15372
15373
15374
15375
15376
15377
15378
15379
15380
15381
15382
15383
15384
15385
15386
15387
15388
15389
15390
15391
15392
15393
15394
15395
15396
15397
15398
15399
15400
15401
15402
15403
15404
15405
15406
15407
15408
15409
15410
15411
15412
15413
15414
15415
15416
15417
15418
15419
15420
15421
15422
15423
15424
15425
15426
15427
15428
15429
15430
15431
15432
15433
15434
15435
15436
15437
15438
15439
15440
15441
15442
15443
15444
15445
15446
15447
15448
15449
15468
15469
15470
15471
15472
15473
15474
15475
15528
15529
15530
15531
15532
15533
15534
15535
15560
15561
15562
15563
15564
15565
15566
15567
15568
15569
15570
15571
15572
15573
15574
15575
15576
15577
15578
15579
15580
15581
15582
15583
15584
15585
15586
15587
15588
15589
15590
15591
15592
15593
15594
15595
15596
15597
15598
15599
15600
15601
15602
15603
15604
15605
15606
15607
15608
15609
15610
15611
15612
15613
15614
15615
15616
15617
15618
15619
15620
15621
15622
15623
15624
15625
15626
15627
15628
15629
15630
15631
15632
15633
15634
15635
15636
15637
15638
15639
15640
15641
15642
15643
15644
15645
15646
15647
15648
15649
15650
15651
15652
15653
15654
15655
15670
15671
15672
15673
15674
15675
15676
15677
15678
15679
15680
15681
15682
15683
15684
15685
15754
15755
15756
15757
15758
15759
15760
15761
15762
15763
15764
15765
15766
15767
15768
15769
15770
15771
15772
15773
15774
15775
15776
15777
15778
15779
15780
15781
15782
15783
15784
15785
16047
16048
16049
16050
16051
16052
16053
16054
16055
16056
16057
16058
16059
16060
16061
16062
16063
16064
16065
16066
16067
16068
16069
16070
16071
16072
16073
16074
16075
16076
16077
16078
16079
16080
16081
16082
16083
16084
16085
16086
16087
16088
16089
16090
16091
16092
16093
16094
16095
16096
16097
16098
16099
16100
16101
16102
16103
16104
16105
16106
16107
16108
16109
16110
16111
16112
16113
16114
16115
16116
16117
16118
16354
16355
16356
16357
16358
16359
16360
16361
16362
16363
16364
16365
16366
16367
16368
16369
16370
16371
16372
16373
16374
16375
16376
16377
16378
16379
16380
16381
16382
16383
16384
16385
16386
16387
16388
16389
16390
16391
16392
16393
16394
16395
16396
16397
16398
16399
16400
16449
16450
16451
16452
16453
16454
16603
16604
16605
16606
16607
16608
16609
16610
16611
16612
16613
16614
16615
16616
16617
16618
16619
16620
16621
16622
16623
16624
16625
16626
16627
16628
16629
16630
16631
16632
16633
16634
16635
16636
16637
16638
16639
16640
16641
16642
16662
16663
16664
16665
16666
16667
16668
16669
16670
16671
16672
16673
16690
16691
16692
16693
16694
16695
16696
16697
16698
16699
16700
16701
16702
16703
16704
16705
16706
16707
16708
16709
16710
16711
16712
16713
16714
16715
16716
16717
16718
16719
16720
16721
16722
16723
16724
16725
16726
16727
16728
16729
16730
16731
16732
16733
16734
16735
16736
16737
16738
16739
16740
16741
16742
16743
16744
16745
16746
16747
16748
16749
16834
16835
16836
16837
16838
16839
16840
16841
16842
16843
16844
16845
16846
16847
16848
16849
16850
16851
16852
16853
16854
16855
16856
16857
16858
16859
16860
16861
16862
16863
16864
16865
16866
16867
16868
16869
16870
16871
16872
16873
16874
16875
16876
16877
16878
16879
16880
16881
16906
16907
16908
16909
16910
16911
16912
16913
16914
16915
16916
16917
16918
16919
16920
16921
16922
16923
16924
16925
16926
16927
16928
16929
16930
16931
16932
16933
16934
16935
16936
16937
16938
16939
16940
16941
16942
16943
16944
16945
17098
17099
17100
17101
17102
17103
17104
17105
17106
17107
17108
17109
17110
17111
17112
17113
17114
17115
17116
17117
17118
17119
17120
17121
17128
17129
17130
17131
17132
17133
17134
17135
17136
17137
17138
17139
17140
17141
17142
17143
17144
17145
17146
17147
17148
17149
17150
17151
17464
17465
17466
17467
17468
17469
17470
17471
17472
17473
17474
17475
17476
17477
17478
17479
17590
17591
17592
17593
17594
17595
17596
17597
17598
17599
17600
17601
17602
17603
17604
17605
17606
17607
17608
17609
17626
17627
17628
17629
17630
17631
17632
17633
17634
17635
17636
17637
17781
17782
17783
17784
17785
17786
17787
17788
17789
17790
17791
17792
17793
17794
17795
17796
17797
17798
17799
17800
17801
17802
17803
17804
17805
17806
17807
17812
17813
17814
17815
17816
17817
17818
17819
17820
17821
17822
17823
17824
17825
17826
17827
17828
17829
17830
17831
17832
17833
17834
17835
17836
17837
17838
17839
17840
17841
17842
17843
17844
17845
17846
17847
17854
17855
17856
17857
17858
17859
17860
17861
17862
17863
17864
17865
17884
17885
17886
17887
17888
17889
17890
17891
17892
17893
17894
17895
17896
17897
17898
17899
17900
17901
17902
17903
17904
17905
17906
17907
17908
17909
17910
17911
17912
17913
17914
17915
17916
17917
17918
17919
17920
17921
17922
17923
17924
17925
17926
17927
17928
17929
17930
17931
17932
17933
17974
17975
17976
17977
17978
17979
17980
17981
17982
17983
17984
17985
17986
17987
17988
17989
17990
17991
17992
17993
17994
17995
17996
17997
17998
17999
18000
18001
18002
18003
18004
18005
18006
18007
18008
18009
18010
18011
18012
18013
18194
18195
18196
18197
18198
18199
18200
18201
18202
18203
18204
18205
18206
18207
18208
18209
18210
18211
18212
18213
18214
18215
18216
18217
18218
18219
18220
18221
18222
18223
18224
18225
18226
18227
18228
18229
18230
18231
18232
18233
18234
18235
18236
18237
18238
18239
18240
18241
18242
18243
18244
18245
18246
18247
18248
18249
18250
18251
18252
18253
18254
18255
18256
18257
18258
18259
18260
18261
18266
18267
18268
18269
18689
18690
18691
18692
18693
18694
18695
18696
18697
18698
18699
18700
18701
18702
18703
18704
18705
18706
18707
18708
18849
18850
18851
18852
18853
18854
18855
18856
18857
18858
18859
18860
18861
18862
18863
18864
18865
18866
18867
18868
18869
18870
18871
18872
18873
18874
18875
18876
18877
18878
18879
18880
18989
18990
18991
18992
18993
18994
18995
18996
18997
18998
18999
19000
19001
19002
19003
19004
19005
19006
19007
19008
19009
19010
19011
19012
19013
19014
19015
19016
19017
19018
19019
19020
19021
19022
19023
19024
19169
19170
19171
19172
19173
19174
19175
19176
19177
19178
19179
19180
19181
19182
19183
19184
19249
19250
19251
19252
19253
19254
19255
19256
19257
19258
19259
19260
19261
19262
19263
19264
19265
19266
19267
19268
19329
19330
19331
19332
19333
19334
19335
19336
19337
19338
19339
19340
19341
19342
19343
19344
19345
19346
19347
19348
19349
19350
19351
19352
19353
19354
19355
19356
19357
19358
19359
19360
19361
19362
19363
19364
19365
19366
19367
19368
19369
19370
19371
19372
19373
19374
19375
19376
19377
19378
19379
19380
19381
19382
19383
19384
19385
19386
19387
19388
19597
19598
19599
19600
19601
19602
19603
19604
19605
19606
19607
19608
19609
19610
19611
19612
19613
19614
19615
19616
19617
19618
19619
19620
19621
19622
19623
19624
19625
19626
19627
19628
19629
19630
19631
19632
19633
19634
19635
19636
19637
19638
19639
19640
19641
19642
19643
19644
19645
19646
19647
19648
19649
19650
19651
19652
19653
19654
19655
19656
19657
19658
19659
19660
19669
19670
19671
19672
19809
19810
19811
19812
19813
19814
19815
19816
19817
19818
19819
19820
19821
19822
19823
19824
19825
19826
19827
19828
19829
19830
19831
19832
19833
19834
19835
19836
19916
19917
19918
19919
19920
19921
19922
19923
19924
19925
19926
19927
19928
19929
19930
19931
19932
19933
19934
19935
19936
19937
19938
19939
19940
19941
19942
19943
19976
19977
19978
19979
19980
19981
19982
19983
19984
19985
19986
19987
19988
19989
19990
19991
19992
19993
19994
19995
19996
19997
19998
19999
20000
20001
20002
20003
20004
20005
20006
20007
20008
20009
20010
20011
20012
20013
20014
20015
20016
20017
20018
20019
20020
20021
20022
20023
20228
20229
20230
20231
20232
20233
20234
20235
20236
20237
20238
20239
20240
20241
20242
20243
20244
20245
20246
20247
20305
20306
20307
20308
20309
20310
20311
20312
20353
20354
20355
20356
20357
20358
20359
20360
20361
20362
20363
20364
20367
20368
20369
20370
20371
20372
20373
20374
20375
20376
20377
20378
20379
20380
20381
20382
20383
20384
20385
20386
20387
20388
20389
20390
20391
20392
20393
20394
20515
20516
20517
20518
20519
20564
20565
20566
20567
20568
20569
20570
20571
20572
20573
20574
20575
20576
20577
20578
20579
20580
20581
20582
20583
20584
20585
20586
20587
20588
20589
20590
20591
20627
20628
20629
20630
20631
20632
20633
20634
20635
20636
20637
20638
20639
20640
20641
20642
20643
20644
20645
20646
20647
20648
20649
20650
20651
20652
20653
20654
20655
20656
20657
20658
20659
20660
20661
20662
20663
20664
20665
20666
20667
20668
20669
20670
20671
20672
20765
20766
20767
20768
20769
20770
20771
20772
20773
20774
20775
20776
20777
20778
20779
20780
20828
20829
20830
20831
20832
20833
20834
20835
20836
20837
20838
20891
20892
20893
20894
20895
20896
20897
20898
20899
20900
20901
20902
20903
20904
20905
20906
20907
20908
20909
20910
21033
21034
21055
21056
21057
21058
21059
21060
21061
21062
21065
21066
21067
21068
21069
21070
21071
21072
21073
21074
21075
21076
21077
21078
21079
21080
21081
21082
21083
21084
21085
21086
21087
21088
21089
21090
21091
21092
21133
21134
21135
21136
21176
21177
21178
21179
21180
21181
21182
21183
21184
21185
21186
21187
21244
21245
21246
21247
21248
21249
21250
21251
21252
21253
21254
21255
21256
21257
21258
21259
21260
21261
21262
21263
21271
21272
21273
21274
21291
21292
21293
21294
21310
21311
21312
21313
21314
21315
21316
21317
21318
21319
21320
21321
21346
21347
21348
21349
21350
21351
21352
21353
21354
21355
21356
21357
21374
21375
21376
21377
21378
21379
21380
21381
21390
21391
21392
21393
21526
21527
21528
21529
21530
21531
21532
21533
21574
21575
21576
21577
21594
21595
21596
21597
21598
21599
21600
21601
21602
21603
21604
21605
21606
21607
21608
21609
21610
21611
21612
21613
21614
21615
21616
21617
21650
21651
21652
21653
21654
21655
21656
21657
21658
21659
21660
21661
21674
21675
21676
21677
21678
21679
21680
21681
21682
21683
21684
21685
)


// ************************************************************************* //
