/*--------------------------------*- C++ -*----------------------------------*\
| =========                 |                                                 |
| \\      /  F ield         | OpenFOAM: The Open Source CFD Toolbox           |
|  \\    /   O peration     | Version:  2.3.x                                 |
|   \\  /    A nd           | Web:      www.OpenFOAM.org                      |
|    \\/     M anipulation  |                                                 |
\*---------------------------------------------------------------------------*/
FoamFile
{
    version     2.0;
    format      ascii;
    class       labelList;
    location    "constant/polyMesh";
    object      faceProcAddressing;
}
// * * * * * * * * * * * * * * * * * * * * * * * * * * * * * * * * * * * * * //


9711
(
377
378
379
380
382
383
384
385
386
387
388
389
390
391
392
393
394
395
396
397
398
572
573
574
575
576
577
578
579
580
581
582
583
584
585
587
588
589
590
591
592
741
742
743
744
745
746
748
749
852
853
854
855
857
1245
1247
1248
1249
1250
1252
1253
1254
1255
1256
1257
1258
1259
1260
1261
1262
1263
1264
1265
1266
1267
1268
1269
1270
1452
1453
1454
1455
1456
1457
1458
1459
1460
1461
1462
1463
1464
1465
1467
1468
1469
1470
1471
1472
1621
1622
1623
1624
1625
1626
1628
1629
1732
1733
1734
1735
1737
2202
2204
2205
2206
2207
2209
2210
2211
2212
2213
2214
2215
2216
2217
2218
2219
2220
2221
2222
2223
2224
2225
2226
2227
2409
2410
2411
2412
2413
2414
2415
2416
2417
2418
2419
2420
2421
2422
2424
2425
2426
2427
2428
2429
2578
2579
2580
2581
2582
2583
2585
2586
2689
2690
2691
2692
2694
2988
2989
2990
2991
2993
2994
2996
2997
2998
2999
3000
3001
3002
3003
3005
3006
3007
3008
3009
3010
3011
3178
3179
3181
3182
3183
3184
3185
3186
3187
3188
3189
3190
3191
3192
3193
3194
3195
3357
3358
3359
3360
3361
3362
3363
3364
3365
3366
3367
3368
3369
3370
3372
3373
3374
3375
3376
3377
3522
3523
3524
3525
3526
3527
3529
3530
3633
3634
3635
3636
3638
3931
3932
3933
3934
3935
3936
3937
3938
3939
3940
3941
3942
3943
3944
3946
3947
3948
3949
3950
3951
4112
4113
4114
4115
4116
4117
4118
4119
4120
4121
4122
4123
4124
4125
4127
4128
4129
4130
4131
4132
4277
4278
4279
4280
4281
4282
4284
4285
4402
4403
4404
4405
4406
4407
4409
4410
4513
4514
4515
4516
4518
4679
4680
4681
4682
4684
4762
4763
4764
4765
4767
4845
4846
4847
4848
4850
4928
4929
4930
4931
4933
4997
4998
5174
5175
5176
5177
5178
5184
5185
5186
5187
5188
5189
5194
5195
5196
5197
5198
5199
5200
5201
5202
5203
5204
5205
5206
5207
5208
5209
5210
5211
5212
5217
5218
5219
5220
5221
5222
5223
5224
5225
5226
5227
5228
5229
5231
5232
5233
5234
5235
5240
5242
5586
5587
5588
5589
5590
5591
5596
5598
5599
5600
5601
5607
5608
5609
5610
5611
5612
5618
5619
5620
5621
5622
5623
5624
5625
5626
5627
5629
5630
5631
5632
5634
5635
5636
5637
5638
5639
5640
5641
5642
5643
5644
5645
5646
5647
5648
5654
5655
5656
5657
5659
5660
5661
5662
5663
5665
5666
5667
5674
5675
5676
5677
5678
5680
5681
5682
5683
5684
5909
5910
5911
5912
5913
5914
5931
5932
5933
5934
5935
5936
5937
5938
5939
5940
5941
5947
5948
5949
5950
5951
5952
5953
5954
5955
5956
5957
5958
5959
5960
5961
5962
5963
5964
5965
5966
5967
5968
5974
5975
5976
5977
5978
5979
5980
5981
5982
5983
5984
5985
5986
5987
5988
5989
6001
6002
6003
6004
6006
6007
6008
6010
6011
6137
6138
6139
6140
6141
6146
6147
6148
6149
6150
6151
6152
6153
6154
6155
6156
6157
6158
6159
6160
6161
6162
6163
6164
6165
6166
6167
6168
6169
6170
6171
6172
6173
6174
6175
6176
6177
6178
6179
6180
6181
6182
6590
6592
6593
6594
6595
6596
6597
6598
6620
6621
6622
6623
6624
6625
6626
6628
6631
6632
6640
6641
6642
6643
6644
6645
6646
6647
6648
6655
6656
6657
6658
6659
6660
6661
6662
6663
6664
6667
6669
6670
6671
6672
6673
6674
6675
6676
6678
6681
6682
6683
6684
6685
6686
6687
6688
6689
6690
6691
6692
6693
6694
6695
6696
6697
6698
6705
6706
6707
6708
6709
6710
6711
6712
6713
6714
6717
6719
6720
6721
6722
6723
6724
6725
6726
6728
6731
6732
6733
6734
6735
6736
6737
6738
6739
6755
6756
6758
6760
6939
6940
6941
6942
6943
6948
6949
6950
6951
6952
6953
6954
6955
6956
6957
6958
6959
6960
6961
6962
6963
6964
6965
6970
6971
6972
6973
6974
6975
6976
6977
6978
6979
6980
6981
6982
6983
6984
6985
6986
6987
6992
6993
6994
6995
6996
6997
6998
6999
7000
7001
7002
7003
7004
7249
7251
7252
7254
7255
7258
7259
7434
7435
7436
7437
7438
7439
7440
7441
7447
7448
7449
7450
7451
7452
7453
7454
7457
7459
7460
7461
7462
7463
7464
7466
7469
7470
7471
7472
7473
7474
7475
7476
7477
7478
7479
7480
7481
7482
7483
7484
7490
7491
7492
7493
7494
7495
7496
7497
7500
7502
7503
7504
7505
7506
7507
7509
7512
7513
7514
7515
7516
7517
7518
7519
7520
7521
7522
7523
7524
7525
7526
7527
7533
7534
7535
7536
7537
7538
7539
7540
7543
7545
7546
7547
7548
7549
7550
7552
7555
7556
7557
7558
7559
7560
7561
7562
7821
7824
7825
7840
7841
7842
7847
7849
7850
7851
7857
7858
7859
7860
7861
7866
7867
7868
7871
7872
7873
7875
7876
7877
7883
7884
7885
7886
7887
7892
7893
7894
7897
7898
7909
7910
7911
7912
7922
7923
8288
8289
8290
8291
8292
8302
8303
8304
8305
8306
8307
8308
8309
8310
8311
8312
8313
8314
8315
8316
8317
8318
8319
8320
8321
8322
8323
8324
8325
8326
8327
8328
8329
8330
8331
8332
8333
8334
8335
8336
8337
8338
8339
8340
8341
8342
8343
8344
8345
8346
8347
8348
8349
8350
8351
8352
8353
8354
8355
8356
8357
8358
8359
8360
8361
8362
8363
8364
8365
8366
8367
8368
8369
8370
8371
8372
8373
8374
8375
8376
8377
8378
8379
8380
8381
8382
8383
8384
8385
8386
8387
8388
8389
8390
8391
8392
8393
8394
8395
8396
8397
8398
8399
8400
8401
8402
8403
8404
8405
8406
8407
8413
8414
8415
8416
8418
8420
8421
8861
8863
8864
8865
8866
8867
8868
8869
9039
9041
9042
9043
9049
9050
9051
9052
9056
9057
9058
9061
9062
9064
9065
9066
9072
9073
9074
9075
9079
9080
9081
9084
9085
9087
9088
9089
9095
9096
9097
9098
9102
9103
9104
9107
9464
9465
9466
9467
9468
9479
9480
9481
9482
9483
9484
9485
9486
9487
9488
9489
9490
9491
9492
9493
9494
9495
9496
9497
9498
9499
9500
9501
9502
9503
9504
9505
9506
9507
9508
9509
9510
9511
9512
9513
9514
9515
9516
9517
9518
9519
9520
9521
9522
9523
9524
9525
9526
9527
9528
9529
9530
9531
9532
9533
9534
9535
9536
9537
9538
9539
9540
9541
9542
9543
9544
9545
9546
9547
9548
9549
9550
9551
9552
9553
9554
9555
9556
9557
9558
9559
9560
9561
9562
9563
9564
9565
9566
9567
9568
9569
9570
9571
9572
9573
9574
9575
9576
9583
9585
9586
9587
9588
9589
9590
9591
9592
9890
9891
9892
9893
9894
9895
9896
9897
9898
9899
9900
9906
9907
9908
9909
9910
9911
9912
9913
9914
9915
9916
9917
9918
9919
9920
9921
9922
9923
9924
9925
9926
9927
9928
9929
9930
9931
9932
9933
9934
9935
9936
9937
9938
9939
9940
9941
9942
9943
9944
9945
9946
9947
9948
9949
9950
9951
9952
9953
9954
9955
9956
9957
9958
9959
9960
9961
9962
9963
9964
9965
9966
9967
9968
9969
9970
9971
9972
9973
9974
9975
9976
9977
9978
9979
9980
9981
9982
9983
9984
9985
9986
9987
9988
9989
9990
9991
9992
9993
9994
9995
9996
9997
9998
9999
10000
10001
10002
10003
10623
10625
10626
10631
10632
10633
10634
10635
10640
10641
10643
10644
10645
10647
10648
10653
10654
10655
10656
10657
10662
10663
10665
10666
10667
10669
10670
10675
10676
10677
10678
10679
10684
10685
10687
10688
10861
10862
10863
10864
10865
10866
10867
10868
10869
10870
10871
10872
10873
10874
10875
10876
10877
10878
10879
10880
10881
10882
10883
10884
10885
10886
10887
10888
10889
10890
10891
10892
10893
10894
10895
10896
10897
10898
10899
10900
10901
10902
10903
10904
10905
10906
10907
10908
10909
10910
10911
10912
10913
10914
10915
10916
10917
10918
10919
10920
10921
10922
10923
10924
10925
10926
10927
10928
10929
10930
10931
10932
10933
10934
10935
10936
10937
10938
10939
10940
10941
10942
10943
10944
10945
10946
10947
10948
10949
10950
10951
10952
10953
10954
10955
10956
10957
10958
10959
10960
10961
10962
11353
11355
11356
11361
11362
11363
11364
11368
11369
11371
11372
11374
11375
11380
11381
11382
11383
11387
11388
11390
11391
11393
11394
11399
11400
11401
11402
11406
11407
11409
11539
11540
11541
11560
11563
11564
11565
11566
11571
11572
11573
11574
11583
11584
11585
11586
11588
11589
11590
11591
11596
11597
11598
11599
11608
11609
11610
11611
11621
11623
11624
11633
11634
11713
11714
11715
11716
11717
11718
11719
11720
11721
11722
11723
11725
11726
11727
11728
11729
11730
11731
11732
11733
11734
11735
11736
11737
11738
11739
11740
11741
11742
11743
11744
11745
11746
11747
11748
11749
11750
11751
11752
11753
11754
11755
11756
11757
11758
11759
11760
11761
11762
11763
11764
11765
11766
11767
11768
11770
11771
11772
11773
11774
11775
11777
11778
11779
11780
11781
11782
11784
11882
11883
11884
11885
11886
11887
11888
11889
11890
11891
11897
11898
11899
11900
11901
11902
11903
11904
11905
11906
11907
11908
11909
11910
11911
11912
11913
11914
11915
11916
11917
11918
11919
11920
11921
11922
11923
11924
11925
11926
11927
11928
11929
11930
11931
11932
11933
11934
11935
11936
11941
11943
11945
11950
11953
11954
12022
12023
12024
12025
12026
12027
12028
12029
12030
12031
12032
12033
12035
12036
12037
12038
12039
12040
12041
12042
12043
12044
12045
12046
12047
12048
12049
12050
12051
12052
12053
12054
12055
12056
12057
12058
12059
12060
12061
12062
12063
12064
12065
12066
12067
12068
12069
12070
12071
12072
12073
12074
12075
12076
12077
12079
12080
12081
12082
12083
12084
12086
12087
12088
12089
12090
12091
12093
12794
12795
12796
12797
12802
12803
12804
12812
12813
12814
12815
12817
12818
12819
12820
12826
12827
12828
12829
12833
12834
12835
12836
12837
12838
12839
12840
12841
12842
12843
12844
12845
12846
12847
12848
12849
12850
12851
12852
12854
12855
12856
12857
12858
12859
12860
12870
12871
12872
12873
12878
12879
12880
12881
12882
12883
12884
12885
12886
12887
12888
12889
12890
12891
12892
12893
12894
12895
12896
12897
12898
12899
12900
12901
12902
12903
12904
12905
12906
12907
12908
12909
12910
12911
12912
12913
12914
12915
12917
12918
12919
12920
12925
12926
12927
12935
12936
12937
12938
12939
12940
12941
12942
12943
12944
12945
12946
12947
12948
12949
12950
12951
12952
12953
12954
12955
12956
12957
12958
12959
12960
12961
12962
12963
12964
12965
12966
12967
12968
12969
12970
12971
12972
12973
12974
12975
12976
12977
12978
12979
12980
12981
12982
12983
12984
12985
12986
12987
12988
12989
12990
12991
12992
12993
12994
12995
12996
12997
12998
12999
13000
13001
13002
13003
13004
13005
13006
13007
13008
13009
13010
13011
13012
13013
13014
13015
13016
13017
13018
13019
13020
13021
13022
13023
13024
13025
13026
13027
13028
13029
13030
13031
13032
13033
13034
13035
13036
13037
13038
13040
13041
13042
13043
13048
13049
13050
13058
13059
13060
13061
13062
13063
13064
13065
13066
13067
13068
13069
13070
13071
13072
13073
13074
13075
13076
13077
13078
13079
13080
13081
13082
13083
13084
13085
13086
13087
13088
13089
13090
13091
13092
13093
13094
13095
13096
13097
13098
13099
13100
13101
13102
13103
13104
13105
13106
13107
13108
13109
13110
13111
13112
13113
13114
13115
13116
13117
13118
13119
13120
13121
13122
13123
13124
13125
13126
13127
13128
13129
13130
13131
13132
13133
13134
13135
13136
13137
13138
13139
13140
13141
13142
13143
13144
13145
13146
13147
13148
13149
13150
13151
13152
13153
13154
13155
13156
13157
13158
13159
13160
13161
13191
13192
13193
13194
13199
13200
13201
13230
13232
13233
13235
13244
13246
14028
14029
14030
14039
14040
14041
14042
14045
14046
14047
14049
14050
14051
14060
14061
14062
14063
14066
14067
14068
14070
14071
14072
14081
14082
14083
14084
14087
14088
14089
14301
14302
14303
14304
14305
14306
14307
14308
14309
14310
14311
14312
14313
14314
14315
14316
14321
14322
14323
14324
14326
14327
14328
14329
14333
14334
14335
14336
14337
14338
14339
14340
14341
14342
14343
14344
14345
14346
14347
14348
14349
14350
14357
14358
14359
14360
14361
14362
14363
14364
14365
14366
14368
14369
14370
14371
14372
14373
14381
14382
14383
14384
14385
14386
14387
14388
14389
14390
14391
14392
14393
14394
14395
14396
14397
14398
14399
14400
14401
14402
14403
14404
14405
14406
14407
14408
14409
14410
14411
14412
14413
14414
14415
14416
14417
14418
14419
14420
14421
14422
14423
14424
14425
14426
14427
14428
14429
14430
14431
14432
14433
14434
14435
14436
14437
14438
14439
14440
14441
14442
14443
14444
14445
14446
14447
14448
14449
14450
14451
14452
14453
14454
14455
14456
14457
14458
14459
14460
14461
14462
14463
14464
14465
14466
14467
14468
14469
14470
14471
14472
14473
14474
14475
14476
14477
14478
14479
14480
14481
14482
14483
14484
14485
14486
14487
14488
14489
14490
14491
14492
14493
14494
14495
14496
14497
14498
14499
14500
14501
14502
14503
14504
14505
14506
14507
14508
14509
14510
14511
14512
14513
14514
14515
14516
14517
14518
14519
14520
14521
14522
14523
14524
14525
14526
14527
14528
14529
14530
14531
14532
14533
14534
14535
14536
14537
14538
14539
14540
14541
14542
14543
14544
14545
14546
14547
14548
14549
14550
14551
14552
14553
14554
14555
14556
14557
14558
14559
14560
14561
14562
14563
14564
14565
14566
14567
14568
14569
14570
14571
14572
14573
14574
14575
14576
14577
14578
14579
14580
14581
14582
14583
14584
14585
14586
14587
14588
14589
14590
14591
14592
14593
14594
14595
14596
14597
14598
14599
14600
14601
14602
14603
14604
14605
14606
14607
14608
14609
14610
14611
14612
14613
14614
14615
14616
14617
14618
14619
14620
14621
14622
14623
14624
14625
14626
14627
14628
14629
14630
14631
14632
14633
14634
15252
15253
15254
15262
15263
15264
15267
15268
15270
15271
15272
15280
15281
15282
15285
15286
15288
15289
15290
15298
15299
15300
15303
15304
15675
15677
15678
15679
15680
15681
15682
15683
15705
15707
15708
15709
15711
15712
15713
15714
16471
16472
16473
16474
16475
16476
16477
16478
16479
16480
16481
16482
16483
16484
16485
16486
16487
16488
16489
16490
16491
16492
16493
16494
16495
16496
16497
16502
16503
16504
16505
16507
16508
16509
16512
16513
16514
16515
16516
16517
16518
16519
16520
16521
16522
16523
16524
16525
16526
16527
16528
16529
16530
16532
16533
16534
16541
16542
16543
16544
16545
16546
16548
16549
16550
16551
16552
16553
16554
16555
16556
16557
16558
16559
16560
16561
16562
16566
16567
16569
16572
16573
16574
16575
16576
16577
16578
16579
16580
16581
16582
16583
16584
16585
16586
16587
16588
16589
16590
16591
16592
16593
16594
16595
16596
16597
16598
16599
16600
16601
16602
16603
16604
16605
16606
16607
16608
16609
16610
16611
16612
16613
16614
16615
16616
16617
16618
16619
16620
16621
16622
16623
16624
16625
16626
16627
16628
16629
16630
16631
16632
16633
16634
16635
16636
16637
16638
16639
16640
16641
16642
16643
16644
16645
16646
16647
16648
16649
16650
16651
16652
16653
16654
16655
16656
16657
16658
16659
16660
16661
16662
16663
16664
16665
16666
16667
16668
16669
16670
16671
16672
16673
16674
16675
16676
16677
16678
16679
16680
16681
16682
16683
16684
16685
16686
16687
16688
16689
16690
16691
16692
16693
16694
16695
16696
16697
16698
16699
16700
16701
16702
16703
16704
16705
16706
16707
16708
16709
16710
16711
16712
16713
16714
16715
16716
16717
16718
16719
16720
16721
16722
16723
16724
16725
16726
16727
16728
16729
16730
16731
16732
16733
16734
16735
16736
16737
16738
16739
16740
16741
16742
16743
16744
16745
16746
16747
16748
16749
16750
16751
16752
16753
16754
16755
16756
16757
16758
16759
16760
16761
16762
16763
16764
16765
16766
16767
16768
16769
16770
16771
16772
16773
16774
16775
16776
16777
16778
16779
16780
16781
16782
16783
16784
16785
16786
16787
16788
16789
16790
16791
16792
16793
16794
16795
16796
16797
16798
16799
16800
16801
16802
16803
16804
16805
16806
16807
16808
16809
16810
16811
16812
16813
16814
16815
16816
16817
16818
16819
16820
16821
16822
16823
16824
16825
16826
16827
16828
16829
16830
16831
16832
16833
16834
16835
16836
16837
16838
16839
16840
16841
16842
16843
16844
16845
16846
16847
16848
16849
16850
16851
16852
16853
16854
16855
16856
16857
16858
16859
16860
16861
16862
16863
16864
16865
16866
16867
16868
16869
16870
16871
16872
16873
16874
16875
16876
16877
16878
16879
16880
16881
16882
16883
16884
16885
16886
16887
16888
16889
16890
16891
16892
16893
16894
16895
16896
16897
16898
16899
16900
16901
16902
16903
16904
16905
16906
16907
16908
16909
16910
16911
16912
16913
16914
16915
16916
16917
16918
16919
16920
16921
16922
16923
16924
16925
16926
16927
16928
16929
16930
16931
16932
16933
16934
16935
16936
16937
16938
16939
16940
16941
16942
16943
16944
16945
16946
16947
16948
16949
16950
16951
16952
16953
16954
16955
16956
16957
16958
16959
16960
16961
16962
16963
16964
16965
16966
16967
16968
16969
16970
16971
16972
16973
16974
16975
16976
16977
16978
16979
16980
16981
16982
16983
16984
16985
16986
16987
16988
16989
16990
16991
16992
16993
16994
16995
16996
16997
16998
16999
17000
17001
17002
17003
17004
17005
17006
17007
17008
17009
17010
17011
17012
17013
17014
17015
17016
17017
17018
17019
17020
17021
17022
17023
17024
17025
17026
17027
17028
17029
17030
17031
17032
17033
17034
17035
17036
17037
17038
17039
17040
17041
17042
17043
17044
17045
17046
17047
17048
17049
17050
17051
17052
17053
17054
17055
17056
17057
17058
17059
17060
17061
17062
17063
17064
17065
17066
17067
17068
17069
17070
17071
17072
17073
17074
17075
17076
17077
17078
17079
17080
17081
17082
17083
17084
17085
17086
17087
17088
17089
17090
17091
17092
17093
17094
17095
17096
17097
17098
17099
17100
17101
17102
17103
17104
17105
17106
17107
17108
17109
17110
17111
17112
17113
17114
17115
17116
17117
17118
17119
17120
17121
17122
17123
17124
17125
17126
17127
17128
17129
17130
17131
17132
17133
17134
17135
17136
17137
17138
17139
17140
17141
17142
17143
17144
17145
17146
17147
17148
17149
17150
17151
17152
17153
17154
17155
17156
17157
17158
17159
17160
17189
17190
17191
17200
17201
17226
17227
17228
17230
17237
17254
17255
17260
18582
18583
18584
18585
18586
18587
18588
18589
18590
18591
18592
18593
18594
18595
18596
18597
18601
18602
18603
18604
18605
18606
18607
18609
18610
18611
18616
18617
18618
18619
18620
18621
18622
18623
18624
18625
18626
18627
18628
18629
18630
18631
18632
18633
18634
18635
18636
18637
18638
18639
18640
18641
18642
18643
18644
18645
18646
18647
18648
18649
18650
18651
18652
18653
18654
18655
18656
18657
18658
18659
18660
18662
18663
18664
18670
18671
18672
18673
18676
18677
18678
18679
18680
18681
18682
18683
18684
18685
18686
18687
18688
18690
18693
18694
18695
18699
18700
18701
18702
18703
18704
18705
18706
18707
18708
18709
18710
18711
18712
18713
18714
18715
18716
18717
18718
18719
18720
18721
18722
18723
18724
18725
18726
18727
18728
18729
18730
18731
18732
18733
18734
18735
18736
18737
18738
18739
18740
18741
18742
18743
18744
18745
18746
18747
18748
18749
18750
18751
18752
18753
18754
18755
18756
18757
18758
18759
18760
18761
18762
18763
18764
18765
18766
18767
18768
18769
18770
18771
18772
18773
18774
18775
18776
18777
18778
18779
18780
18781
18782
18783
18784
18785
18786
18787
18788
18789
18790
18791
18792
18793
18794
18795
18796
18797
18798
18799
18800
18801
18802
18803
18804
18805
18806
18807
18808
18809
18810
18811
18812
18813
18814
18815
18816
18817
18818
18819
18820
18821
18822
18823
18824
18825
18826
18827
18828
18829
18830
18831
18832
18833
18834
18835
18836
18837
18838
18839
18840
18841
18842
18843
18844
18845
18846
18847
18848
18849
18850
18851
18852
18853
18854
18855
18856
18857
18858
18859
18860
18861
18862
18863
18864
18865
18866
18867
18868
18869
18870
18871
18872
18873
18874
18875
18876
18877
18878
18879
18880
18881
18882
18883
18884
18885
18886
18887
18888
18889
18890
18891
18892
18893
18894
18895
18896
18897
18898
18899
18900
18901
18902
18903
18904
18905
18906
18907
18908
18909
18910
18911
18912
18913
18914
18915
18916
18917
18918
18919
18920
18921
18922
18923
18924
18925
18926
18927
18928
18929
18930
18931
18932
18933
18934
18935
18936
18937
18938
18939
18940
18941
18942
18943
18944
18945
18946
18947
18948
18949
18950
18951
18952
18953
18954
18955
18956
18957
18958
18959
18960
18961
18962
18963
18964
18965
18966
18967
18968
18969
18970
18971
18972
18973
18974
18975
18976
18977
18978
18979
18980
18981
18982
18983
18984
18985
18986
18987
18988
18989
18990
18991
18992
18993
18994
18995
18996
18997
18998
18999
19000
19001
19002
19003
19004
19005
19006
19007
19008
19009
19010
19011
19012
19013
19014
19015
19016
19017
19018
19019
19020
19021
19022
19023
19024
19025
19026
19027
19028
19029
19030
19031
19032
19033
19034
19035
19036
19037
19038
19039
19040
19041
19042
19043
19044
19045
19046
19047
19048
19049
19050
19051
19052
19053
19054
19055
19056
19057
19058
19059
19060
19061
19062
19063
19064
19065
19066
19067
19068
19069
19070
19071
19072
19073
19074
19075
19076
19077
19078
19079
19080
19081
19082
19083
19084
19085
19086
19087
19088
19089
19090
19091
19092
19093
19094
19095
19096
19097
19098
19099
19100
19101
19102
19103
19104
19105
19106
19107
19108
19109
19110
19111
19112
19113
19114
19115
19116
19117
19118
19119
19120
19121
19122
19123
19124
19125
19126
19127
19128
19129
19130
19131
19132
19133
19134
19135
19136
19137
19138
19139
19140
19141
19142
19143
19144
19145
19146
19147
19148
19149
19150
19151
19152
19153
19154
19155
19156
19157
19158
19159
19160
19161
19162
19163
19164
19165
19166
19167
19168
19169
19170
19171
19172
19173
19174
19175
19176
19177
19178
19179
19180
19181
19182
19183
19184
19185
19186
19187
19188
19189
19190
19191
19192
19193
19194
19195
19196
19197
19198
19199
19200
19201
19202
19203
19204
19205
19206
19207
19208
19209
19210
19211
19212
19213
19214
19215
19216
19217
19218
19219
19220
19221
19222
19223
19224
19225
19226
19227
19228
19229
19230
19231
19232
19233
19234
19235
19236
19237
19238
19239
19240
19241
19242
19243
19244
19245
19246
19247
19248
19249
19250
19251
19252
19253
19254
19255
19256
19257
19258
19259
19260
19261
19262
19263
19264
19265
19266
19267
19268
19269
19270
19271
19272
19273
19274
19275
19276
19277
19278
20047
20048
20049
20050
20052
20053
20054
20055
20060
20061
20062
20063
20064
20065
20066
20067
20068
20069
20070
20071
20072
20073
20074
20075
20076
20077
20078
20079
20080
20081
20082
20083
20084
20085
20086
20087
20088
20089
20090
20091
20092
20093
20094
20095
20097
20098
20099
20100
20110
20111
20112
20113
20462
20463
20464
20465
20466
20467
20468
20469
20470
20471
20472
20473
20474
20475
20476
20477
20483
20484
20485
20486
20487
20488
20489
20490
20492
20493
20494
20495
20496
20502
20503
20504
20505
20506
20507
20508
20509
20510
20511
20512
20513
20514
20515
20516
20517
20518
20519
20520
20521
20522
20523
20524
20525
20526
20527
20528
20529
20530
20531
20532
20533
20534
20535
20536
20537
20538
20539
20540
20541
20542
20543
20544
20545
20546
20547
20548
20549
20550
20551
20552
20553
20554
20555
20556
20557
20558
20559
20560
20561
20562
20563
20564
20565
20566
20567
20568
20569
20570
20571
20572
20573
20574
20575
20576
20577
20578
20579
20580
20581
20582
20583
20584
20585
20586
20587
20588
20589
20590
20591
20592
20593
20594
20595
20596
20597
20598
20599
20600
20601
20602
20603
20604
20605
20606
20607
20608
20609
20610
20611
20612
20613
20614
20615
20616
20617
20618
20619
20620
20621
20622
20623
20624
20625
20626
20627
20628
20629
20630
20631
20632
20633
20634
20635
20636
20637
20638
20639
20640
20641
20642
20643
20644
20645
20646
20647
20648
20649
20650
20651
20652
20653
21278
21279
21280
21281
21282
21283
21284
21285
21286
21287
21288
21289
21290
21291
21292
21293
21297
21298
21299
21300
21301
21303
21304
21305
21312
21313
21314
21315
21316
21317
21318
21319
21320
21321
21322
21323
21324
21325
21326
21327
21328
21329
21330
21331
21332
21333
21334
21335
21336
21337
21338
21339
21340
21341
21342
21343
21344
21345
21346
21347
21348
21349
21355
21356
21357
21358
21360
21361
21362
21366
21367
21368
21369
21370
21371
21372
21373
21374
21375
21376
21377
21381
21383
21388
21389
21390
21391
21392
21393
21394
21395
21396
21397
21398
21399
21400
21401
21402
21403
21404
21405
21406
21407
21408
21409
21410
21411
21412
21413
21414
21415
21416
21417
21418
21419
21420
21421
21422
21423
21424
21425
21426
21427
21428
21429
21430
21431
21432
21433
21434
21435
21436
21437
21438
21439
21440
21441
21442
21443
21444
21445
21446
21447
21448
21449
21450
21451
21452
21453
21454
21455
21456
21457
21458
21459
21460
21461
21462
21463
21464
21465
21466
21467
21468
21469
21470
21471
21472
21473
21474
21475
21476
21477
21478
21479
21480
21481
21482
21483
21484
21485
21486
21487
21488
21489
21490
21491
21492
21493
21494
21495
21496
21497
21498
21499
21500
21501
21502
21503
21504
21505
21506
21507
21508
21509
21510
21511
21512
21513
21514
21515
21516
21517
21518
21519
21520
21521
21522
21523
21524
21525
21526
21527
21528
21529
21530
21531
21532
21533
21534
21535
21536
21537
21538
21539
21540
21541
21542
21543
21544
21545
21546
21547
21548
21549
21550
21551
21552
21553
21554
21555
21556
21557
21558
21559
21560
21561
21562
21563
21564
21565
21566
21567
21568
21569
21570
21571
21572
21573
21574
21575
21576
21577
21578
21579
21580
21581
21582
21583
21584
21585
21586
21587
21588
21589
21590
21591
21592
21593
21594
21595
21596
21597
21598
21599
21600
21601
21602
21603
21604
21605
21606
21607
21644
21645
21656
21657
21658
21661
21662
21664
21665
21666
21667
21676
21677
21678
21699
21700
21705
21706
21707
22492
22493
22494
22495
22496
22497
22498
22499
22500
22501
22502
22503
22504
22505
22506
22507
22508
22509
22510
22511
22512
22513
22514
22515
22516
22517
22518
22519
22520
22521
22522
22523
22524
22525
22526
22527
22528
22529
22530
22531
22532
22533
22534
22535
22536
22537
22538
22539
22540
22541
22542
22543
22544
22545
22546
22547
22548
22549
22550
22551
22552
22553
22554
22555
22556
22557
22558
22559
22560
22561
22562
22563
22564
22565
22566
22567
22568
22569
22570
22571
22572
22573
22574
22575
22576
22577
22578
22579
22580
22581
22582
22583
22584
22585
22586
22587
22588
22589
22590
22591
22592
22593
22594
22595
22596
22597
22598
22599
22600
22601
22602
22603
22604
22605
22606
22607
22608
22609
22610
22611
22612
22613
22614
22615
22616
22617
22618
22619
22620
22621
22622
22623
22624
22625
22626
22627
22628
22629
22630
22631
22632
22633
22634
22635
22636
22637
22638
22639
22640
22641
22642
22643
22644
22645
22646
22647
22648
22649
22650
22651
22652
22653
22654
22655
22656
22657
22658
22659
22660
22661
22662
22663
22664
22665
22666
22667
22668
22669
22670
22671
22672
22673
22674
22675
22676
22677
22678
22679
22680
22681
22682
22683
22684
22685
22686
22687
22688
22689
22690
22691
22692
22693
22694
22695
22696
22697
22698
22699
22700
22701
22702
22703
22704
22705
22706
22707
22708
22709
22710
22711
22712
22713
22714
22715
22716
22717
22718
22719
22720
22721
22722
22723
22724
22725
22726
22727
22728
22729
22730
22731
22732
22733
22734
22735
22736
22737
22738
22739
22740
22741
22742
22743
22744
22745
22746
22747
22748
22749
22750
22751
22752
22753
22754
22755
22756
22757
22758
22759
22760
22761
22762
22763
22764
22765
22766
22767
24540
24541
24542
24543
24544
24545
24546
24547
24548
24549
24550
24552
24553
24554
24555
24556
24557
24558
24559
24560
24561
24562
24563
24564
24565
24566
24567
24568
24569
24570
24571
24572
24573
24574
24575
24576
24577
24578
24579
24580
24581
24582
24583
24584
24585
24586
24587
24588
24589
24590
24591
24592
24593
24594
24595
24597
24598
24599
24600
24601
24602
24604
24605
24606
24607
24608
24609
24611
24942
24943
24944
24945
24946
24947
24948
24950
24951
24952
24953
24954
24955
24956
24957
24958
24959
24960
24961
24962
24963
24964
24965
24966
24967
24968
24969
24970
24971
24972
24973
24974
24975
24976
24977
24978
24979
24980
24981
24982
24983
24984
24985
24986
24987
24988
24989
24990
24991
24992
24993
24994
24995
24996
24997
24998
24999
25000
25002
25003
25004
25005
25006
25007
25008
25010
25011
25013
25086
25087
25088
25089
25090
25091
25092
25093
25094
25095
25096
25097
25098
25099
25100
25101
25102
25103
25104
25105
25106
25107
25108
25109
25110
25111
25112
25113
25114
25116
25117
25118
25120
25342
25343
25344
25345
25346
25347
25353
25354
25355
25361
25362
25363
25364
25365
25366
25367
25368
25369
25370
25371
25372
25373
25374
25375
25376
25377
25378
25379
25380
25381
25382
25383
25384
25385
25386
25387
25388
25389
25390
25391
25392
25393
25394
25395
25396
25397
25398
25399
25400
25401
25402
25403
25404
25405
25406
25407
25408
25409
25410
25411
25412
25413
25414
25415
25416
25417
25418
25419
25420
25421
25422
25423
25424
25425
25426
25427
25428
25429
25430
25431
25432
25433
25434
25435
25436
25437
25438
25439
25440
25441
25442
25443
25444
25445
25446
25447
25448
25449
25450
25451
25452
25453
25454
25455
25456
25457
25458
25459
25460
25461
25462
25463
25464
25465
25466
25467
25468
25469
25470
25471
25472
25473
25474
25475
25476
25477
25478
25479
25480
25481
25482
25483
25484
25485
25486
25487
25495
25497
25503
25506
26212
26214
26215
26216
26222
26223
26224
26228
26229
26230
26231
26233
26234
26235
26236
26237
26238
26239
26240
26241
26242
26243
26244
26245
26246
26247
26248
26249
26250
26251
26252
26253
26254
26255
26256
26257
26259
26260
26261
26265
26266
26267
26272
26275
26276
26277
26278
26279
26280
26281
26282
26283
26285
26286
26288
26289
26290
26291
26293
26294
26295
26296
26297
26298
26299
26300
26301
26302
26303
26304
26305
26306
26307
26308
26309
26310
26311
26312
26313
26314
26315
26316
26317
26318
26319
26320
26321
26322
26323
26324
26325
26326
26327
26328
26329
26330
26331
26332
26333
26334
26335
26336
26337
26338
26339
26340
26341
26342
26343
26344
26345
26346
26347
26349
26350
26351
26353
26354
26355
26356
26358
26359
26360
26361
26362
26363
26364
26365
26366
26367
26369
26370
26372
26373
26374
26375
26377
26378
26379
26380
26381
26382
26383
26384
26385
26386
26387
26388
26389
26390
26391
26392
26393
26394
26395
26396
26397
26398
26399
26400
26401
26402
26403
26404
26405
26406
26407
26408
26410
26411
26412
26413
26414
26415
26416
26418
26419
26420
26421
26423
26424
26425
26426
26427
26428
26429
26430
26431
26433
26434
26435
26437
26438
26439
26440
26442
26443
26444
26445
26446
26447
26448
26449
26450
26453
26454
26456
26457
26459
26462
26463
26755
26756
26757
26758
26759
26760
26761
26762
26763
26764
26765
26766
26767
26768
26769
26770
26771
26772
26773
26774
26778
26779
26796
26797
26798
26799
26807
26808
26809
26810
26811
26812
26813
26814
26815
26816
26817
26818
26819
26820
26821
26822
26823
26824
26825
26826
26827
26828
26829
26830
26831
26832
26833
26834
26835
26836
26837
26838
26839
26840
26841
26842
26843
26844
26845
26846
26847
26848
26849
26850
26851
26852
26853
26854
26855
26856
26857
26858
26859
26860
26861
26862
26863
26864
26865
26866
26867
26868
26869
26870
26871
26872
26873
26874
26875
26876
26877
26878
26879
26880
26881
26882
26883
26884
26885
26886
26887
26888
26889
26890
26891
26892
26893
26894
26895
26896
26897
26898
26899
26900
26901
26902
26903
26904
26905
26906
26907
26908
26909
26910
26911
26912
26913
26914
26915
26916
26917
26918
26919
26920
26921
26922
26923
26924
26925
26926
26927
26928
26929
26930
26931
26932
26933
26934
26935
26936
26937
26938
26939
26940
26941
26942
26943
26944
26945
26946
26972
26974
26975
26977
26978
26982
26983
26992
26994
26995
26997
26998
27750
27752
27753
27757
27758
27759
27763
27765
27766
27767
27768
27769
27770
27771
27772
27773
27774
27775
27776
27777
27778
27779
27780
27781
27782
27783
27784
27785
27786
27787
27788
27789
27790
27791
27792
27793
27794
27795
27796
27797
27798
27799
27800
27801
27802
27803
27804
27805
27806
27807
27808
27809
27810
27811
27812
27813
27814
27815
27816
27817
27818
27819
27820
27821
27822
27823
27824
27825
27826
27827
27828
27829
27830
27831
27832
27833
27855
27856
27857
27862
27864
27867
28054
28055
28056
28057
28058
28059
28060
28061
28062
28063
28064
28065
28066
28067
28068
28069
28070
28071
28072
28073
28074
28075
28076
28077
28078
28079
28080
28081
28082
28083
28084
28085
28086
28087
28088
28089
28090
28091
28092
28093
28094
28095
28096
28097
28098
28099
28100
28101
28102
28103
28104
28105
28106
28107
28108
28109
28110
28111
28112
28113
28114
28115
28116
28117
28118
28119
28120
28121
28122
28123
28124
28125
28126
28127
28128
28129
28130
28131
28132
28133
28134
28135
28136
28137
28138
28139
28140
28141
28142
28143
28144
28145
28146
28147
28148
28149
28150
28151
28152
28153
28154
28155
28156
28157
28158
28159
28160
28161
28162
28163
28164
28165
28166
28167
28168
28169
28170
28171
28172
28173
28174
28175
28176
28177
28178
28179
28180
28181
28182
28183
28184
28185
28186
28187
28188
28189
28190
28191
28192
28193
28194
28195
28196
28197
28198
28199
28200
28201
28202
28203
28204
28205
28206
28207
28208
28209
28435
28437
28567
28568
28569
28570
28571
28572
28573
28574
28575
28576
28577
28578
28579
28580
28581
28582
28583
28584
28585
28586
28587
28588
28589
28590
28591
28592
28593
28594
28595
28596
28597
28598
28599
28600
28601
28602
28603
28604
28605
28606
28607
28608
28609
28610
28611
28612
28613
28614
28615
28616
28617
28618
28619
28620
28621
28622
28623
28624
28625
28626
28627
28628
28629
28630
28631
28632
31752
31753
31754
31759
31760
31761
31762
31763
31764
31765
31766
31767
31768
31769
31770
31771
31772
31773
31774
31775
31776
31777
31778
31779
31780
31781
31782
31783
31784
31785
31786
31787
31788
31789
31790
31791
31792
31793
31794
31795
31796
31797
31798
31799
31800
31801
31802
31803
31804
31805
31806
31807
31808
31809
31810
31811
31812
31813
31814
31815
31816
31817
31818
31820
31821
31823
31824
35514
35515
35517
35519
35520
35522
35525
35527
35533
35534
35535
35537
35538
35539
35542
35543
35548
35549
35550
35551
35553
35554
35555
35556
35559
35560
35561
35567
35568
35569
35571
35572
35573
35576
35577
35582
35583
35584
35585
35587
35588
35589
35590
35593
35594
35595
35601
35602
35603
35605
35606
35607
35610
35611
36686
36687
36688
36689
36691
36692
36693
36694
36697
36698
36699
36705
36706
36707
36709
36710
36711
36714
36715
36720
36721
36722
36723
36725
36726
36727
36728
36731
36732
36733
36739
36740
36741
36743
36744
36745
36748
36749
36754
36755
36756
36757
36759
36760
36761
36762
36765
36766
36767
36773
36774
36775
36777
36778
36779
36782
36783
37580
37581
37582
37584
37585
37586
37587
37589
37591
37592
37594
37599
37600
37601
37602
37603
37604
37605
37606
37607
37608
37610
37611
37612
37613
37618
37619
37620
37621
37622
37623
37624
37625
37626
37627
37628
37629
37630
37631
37632
37633
37634
37637
37638
37639
37640
37641
37642
37643
37644
37645
37646
37647
37648
37649
37650
37651
37652
37653
37654
37655
37656
37657
37658
37659
37660
37661
37662
37663
37664
37665
37666
37667
37668
37669
37670
37671
37672
37673
37674
37675
37676
37677
37678
37679
37680
37681
37682
37683
37684
37685
37686
37687
37688
37689
37690
37691
37692
37693
38497
38498
38499
38500
38502
38503
38504
38505
38508
38509
38510
38516
38517
38518
38519
38520
38521
38522
38523
38524
38525
38527
38528
38529
38530
38535
38536
38537
38538
38539
38540
38541
38542
38543
38544
38546
38547
38548
38549
38554
38555
38556
38557
38558
38559
38560
38561
38562
38563
38565
38566
38567
38568
38573
38574
38575
38576
38577
38578
38579
38580
38581
38582
38584
38585
38586
38587
38592
38593
38594
38595
38596
38597
38598
38599
38600
38601
38602
38603
38605
39750
39751
39752
39754
39755
39756
39759
39760
39765
39766
39767
39768
39769
39770
39771
39772
39774
39775
39776
39780
39781
39782
39783
39784
39785
39787
39788
39791
39792
39793
39794
39795
39796
39797
39798
39800
39801
39802
39806
39807
39808
39809
39810
39811
39812
39813
39815
39816
39817
39821
39822
39823
39824
39825
39826
39828
39829
39832
39833
39834
39835
39836
39837
39838
39839
39840
39841
39842
39843
39844
39845
39846
39847
39848
39849
39850
39851
39852
39853
39854
39855
39856
39857
39858
39859
39861
39862
39863
39864
39865
39866
39867
39868
39869
39870
39871
39872
39873
39874
39875
39876
39877
39878
39879
39880
39881
39882
39883
39884
39885
39886
39887
39888
39889
39890
39891
39892
39893
39894
39895
39896
39897
39898
39899
39900
39901
39902
39903
39904
39905
39906
39907
39908
39909
39910
39911
39912
39913
39914
39915
39916
39917
39918
39919
39920
39921
39922
39923
39924
39925
39926
39927
39928
39929
39930
39931
39932
39933
39934
39935
39936
39937
39938
39939
39940
39941
39942
39943
39944
39945
39946
39947
39948
39949
39950
39951
39952
39953
39954
39955
39956
39957
39958
39959
39960
39961
39962
39963
39964
39965
39966
39967
39968
39969
39970
39971
39972
39973
39974
39975
39976
39977
39978
39979
39980
39981
39982
39983
39984
39985
39986
39987
39988
39989
39990
39991
39992
39993
39994
39995
41437
41438
41439
41440
41441
41442
41443
41444
41446
41447
41448
41452
41453
41455
41456
41457
41459
41461
41463
41467
41468
41469
41470
41471
41472
41474
41475
41478
41479
41480
41481
41482
41483
41484
41485
41487
41488
41489
41493
41494
41495
41496
41497
41498
41499
41500
41502
41503
41504
41508
41509
41510
41511
41512
41513
41515
41516
41519
41520
41521
41522
41523
41524
41525
41526
41528
41529
41530
41534
41535
41536
41537
41538
41539
41540
41541
41543
41544
41545
41549
41550
41551
41552
41553
41554
41556
41557
41560
41561
41562
41563
41564
41565
41566
41567
41569
41570
41571
41575
41576
41577
41578
41579
41580
41581
41582
41584
41585
41586
41590
41591
41592
41593
41594
41595
41597
41598
41601
41602
41603
41604
41605
41606
41607
41608
41610
41611
41612
41616
41617
41618
41619
41620
41621
41622
41623
41625
41626
41627
41631
41632
41633
41634
41635
41636
41638
41639
41642
41643
41644
41645
41646
41647
41648
41649
41650
41651
41653
41654
41655
41656
41657
41658
41659
41660
41661
41662
41664
41665
41666
41670
41671
41672
41673
41674
41675
41677
41678
42760
42761
42762
42763
42765
42766
42767
42768
42771
42772
42773
42779
42780
42781
42782
42783
42784
42785
42786
42787
42788
42790
42791
42792
42793
42798
42799
42800
42801
42802
42803
42804
42805
42806
42807
42808
42809
42810
42811
42812
42813
42814
42815
42816
43275
43276
43277
43278
43279
43280
43281
43282
43283
43284
43286
43287
43288
43289
43294
43295
43296
43297
43298
43299
43300
43301
43302
43303
43305
43306
43307
43308
43313
43314
43315
43316
43317
43318
43319
43320
43321
43322
43323
43324
43325
43326
43327
43328
43329
43330
43331
43975
43976
43977
43978
43979
43980
43981
43982
43984
43985
43986
43990
43991
43992
43994
43995
43996
43999
44000
44005
44006
44007
44008
44009
44010
44012
44013
44016
44017
44018
44019
44020
44021
44022
44023
44025
44026
44027
44031
44032
44033
44034
44035
44036
44037
44038
44040
44041
44042
44046
44047
44048
44049
44050
44051
44053
44054
44057
44058
44059
44060
44061
44062
44063
44064
44065
44066
44067
44068
44069
44070
44071
44072
44073
44074
44075
44076
44077
44078
44079
44080
44081
44082
44083
44084
44087
44088
44089
44090
44091
44092
44093
44094
44095
44097
45029
45030
45031
45032
45033
45034
45035
45036
45038
45039
45040
45044
45045
45046
45047
45048
45049
45050
45051
45053
45054
45055
45059
45060
45061
45062
45063
45064
45066
45067
45070
45071
45072
45073
45074
45075
45076
45077
45079
45080
45081
45085
45086
45087
45088
45089
45090
45091
45092
45094
45095
45096
45100
45101
45102
45103
45104
45105
45107
45108
45111
45112
45113
45114
45115
45116
45117
45118
45119
45120
45121
45122
45123
45124
45125
45126
45127
45128
45129
45130
45131
45132
45133
45134
45135
45136
45137
45138
45139
45140
45141
45142
45143
45144
45145
45146
45147
45148
45149
45150
45151
45402
45403
45404
45405
45406
45407
45408
45409
45410
45411
45413
45414
45415
45416
45421
45422
45423
45424
45425
45426
45427
45428
45429
45430
45431
45432
45433
45434
45435
45436
45437
45438
45439
45440
45441
45442
45444
45445
45446
45447
45449
45450
45451
45452
45454
45455
45456
45458
45530
45531
45532
45533
45534
45535
45536
45537
45538
45539
45541
45542
45543
45544
45549
45550
45551
45552
45553
45554
45556
45557
45560
45561
45562
45563
45564
45565
45566
45567
45568
45569
45570
45571
45572
45573
45574
45575
45576
45577
45578
45579
45580
45581
45582
45583
45584
45585
45586
45587
45588
45589
45590
45591
45592
45593
45594
45595
45596
45597
45598
45599
45600
45601
45602
45603
45604
45605
45606
45607
45608
45609
45610
45612
45613
45615
45616
45618
45704
45705
45706
45707
45770
45771
45772
45773
45774
45775
45776
45777
45778
45779
45781
45782
45783
45784
45789
45790
45791
45792
45793
45794
45795
45796
45797
45798
45800
45801
45802
45803
45808
45809
45810
45811
45812
45813
45814
45815
45816
45817
45819
45820
45821
45822
45827
45828
45829
45830
45831
45832
45833
45834
45835
45836
45837
45838
45839
45840
45841
45842
45843
45845
45846
45847
45848
45849
45850
45851
45852
45853
45854
45855
45856
45857
45858
45859
45860
45861
45862
45864
45865
45866
45867
45868
45870
45871
45872
45873
45875
45876
45877
45878
45880
45881
45959
45960
45961
45962
45963
45964
45966
45967
45981
45982
45983
45984
45985
45986
45987
45988
45990
45991
45992
45996
45997
45998
45999
46000
46001
46002
46003
46004
46005
46006
46007
46008
46009
46010
46011
46012
46014
46015
46018
46019
46020
46021
46022
46023
46024
46025
46027
46028
46029
46033
46034
46035
46036
46037
46038
46039
46040
46041
46042
46043
46044
46045
46046
46047
46048
46049
46051
46052
46055
46056
46057
46058
46059
46119
46120
46121
46122
46123
46124
46125
46126
46128
46129
46130
46134
46135
46136
46137
46138
46139
46140
46141
46143
46144
46145
46149
46150
46151
46152
46153
46154
46155
46156
46157
46158
46159
46160
46161
46163
46164
46165
46166
46167
46168
46169
46170
46171
46173
46174
46175
46179
46180
46181
46182
46183
46184
46185
46186
46187
46188
46189
46190
46191
46193
46194
46195
46196
46197
46198
46199
46200
46201
46202
46203
46204
46205
46206
46208
46352
46353
46354
46355
46356
46358
46359
46360
46361
46363
46364
46365
46533
46534
46535
46536
46537
46538
46539
46540
46541
46542
46544
46545
46546
46547
46552
46553
46554
46555
46556
46557
46558
46559
46561
46562
46563
46567
46568
46569
46570
46571
46572
46573
46574
46576
46577
46578
46582
46583
46584
46585
46586
46587
46588
46589
46591
46592
46593
46597
46598
46599
46600
46601
46602
46604
46605
46608
46609
46610
46611
46612
46613
46614
46615
46616
46617
46618
46619
46620
46621
46622
46623
46624
46625
46626
46627
46628
46629
46630
46631
46632
46633
46634
46637
46638
46639
46640
46641
46642
46643
46644
46645
46646
46647
46648
46649
46650
46651
46652
46653
46654
46655
46656
46657
46658
46659
46660
46661
46662
46663
46664
46665
46666
46667
46668
46669
46670
46671
46672
46673
46674
46675
46676
46677
46678
46679
46681
46682
46683
46684
46685
46686
46687
46688
46689
46690
46691
46692
46693
46694
46695
46696
46697
46698
46699
46700
46701
46702
46703
46704
46705
46706
46707
46708
46709
46710
46711
46712
46713
46714
46715
46716
46717
46718
46719
46720
46721
46722
46723
46724
46725
46726
46727
46728
46729
46730
46731
46732
46733
46734
46735
46736
46737
46738
46739
46740
46741
46742
46743
46744
46745
46746
46747
46748
46749
46750
46751
46752
46753
46754
46755
46756
46757
46758
46759
46760
46761
46762
46763
46764
46765
46766
46767
46768
46769
46770
46771
46772
46773
46774
46775
46776
46777
46778
46779
46780
46782
46783
46785
46786
46788
46790
46910
46911
46912
46913
46914
47125
47126
47127
47128
47129
47130
47132
47133
47143
47145
47146
47148
47151
47165
47166
47167
47168
47170
47175
47177
47178
47180
47183
47197
47198
47199
47200
47201
47202
47204
47205
47215
47217
47218
47220
47223
47237
47238
47239
47240
47242
47247
47249
47250
47252
47255
47269
47270
47271
47272
47273
47274
47275
47276
47277
47278
47279
47287
47289
47290
47292
47295
47309
47310
47311
47312
47313
47314
47315
47319
47321
47322
47324
47327
47535
47536
47537
47538
47539
47540
47541
47542
47544
47545
47546
47565
47566
47567
47568
47569
47570
47571
47572
47573
47574
47576
47577
47578
47579
47584
47585
47586
47587
47588
47589
47591
47592
47595
47596
47597
47598
47599
47600
47601
47602
47603
47604
47606
47607
47608
47609
47614
47615
47616
47617
47618
47619
47620
47621
47623
47624
47625
47629
47630
47631
47632
47633
47634
47635
47636
47638
47639
47640
47644
47645
47646
47647
47648
47649
47650
47651
47653
47654
47655
47659
47660
47661
47662
47663
47664
47665
47666
47667
47668
47670
47671
47672
47673
47678
47679
47680
47681
47682
47683
47685
47686
47689
47690
47691
47692
47693
47694
47695
47696
47697
47698
47700
47701
47702
47703
47708
47709
47710
47711
47712
47713
47714
47715
47717
47718
47719
47723
47724
47725
47726
47727
47728
47729
47730
47732
47733
47734
47738
47739
47740
47741
47742
47743
47744
47745
47747
47748
47749
47753
47754
47755
47756
47757
47758
47759
47760
47761
47762
47764
47765
47766
47767
47772
47773
47774
47775
47776
47777
47778
47779
47780
47781
47782
47783
47784
47785
47786
47787
47788
47789
47790
47792
47793
47796
47797
47798
47799
47800
47801
47802
47803
47805
47806
47807
47921
47923
47935
47936
47937
47938
47939
47940
47942
47943
47953
47955
47967
47968
47969
47970
47972
47977
47979
47991
47992
47993
47994
47995
47996
47997
47998
47999
48000
48001
48009
48011
48023
48024
48025
48026
48027
48028
48029
48033
48035
48047
48048
48049
48050
48051
48052
48053
48054
48055
48056
48057
48065
48067
48079
48080
48081
48082
48083
48084
48085
48282
48283
48284
48285
48286
48287
48288
48289
48291
48292
48293
48312
48313
48314
48315
48316
48317
48318
48319
48321
48322
48323
48327
48328
48329
48330
48331
48332
48333
48334
48336
48337
48338
48342
48343
48344
48345
48346
48347
48348
48349
48351
48352
48353
48357
48358
48359
48360
48361
48362
48363
48364
48366
48367
48368
48372
48373
48374
48375
48376
48377
48378
48379
48380
48381
48382
48383
48384
48385
48386
48387
48388
48389
48390
48391
48392
48393
48394
48396
48397
48398
48402
48403
48404
48405
48406
48407
48408
48409
48410
48411
48412
48413
48414
48416
48428
48429
48431
48432
48433
48435
48436
48437
48439
48440
48442
48628
48629
48630
48631
48632
48633
48635
48636
48639
48640
48641
48642
48643
48644
48646
48647
48650
48651
48652
48653
48654
48655
48657
48658
48661
48662
48663
48664
48666
48668
48669
48670
48671
48672
48673
48675
48676
48679
48680
48681
48682
48683
48684
48685
48686
48687
48688
48689
48690
48691
48692
48693
48694
48695
48696
48697
48698
48699
48700
48701
48702
48703
48704
48705
48706
48707
48708
48709
48710
48711
48712
48713
48714
48715
48716
48717
48718
48719
48720
48721
48722
48723
48724
48725
48726
48727
48728
48729
48730
48731
48732
48733
48734
48735
48736
48737
48738
48739
48740
48741
48742
48743
48744
48745
48746
48747
49014
49015
49016
49017
49018
49019
49021
49022
49025
49026
49027
49028
49029
49030
49032
49033
49036
49037
49038
49039
49040
49041
49043
49044
49047
49048
49049
49050
49052
49061
49062
49063
49064
49066
49068
49069
49070
49071
49072
49073
49075
49076
49079
49080
49081
49082
49083
49084
49086
49087
49090
49091
49092
49093
49094
49095
49097
49098
49101
49102
49103
49104
49105
49106
49108
49109
49112
49113
49114
49115
49117
49119
49120
49121
49122
49124
49126
49127
49128
49129
49131
49133
49134
49135
49136
49137
49138
49140
49141
49144
49145
49146
49147
49148
49149
49150
49151
49152
49153
49154
49155
49156
49157
49158
49159
49160
49161
49162
49163
49164
49165
49166
49167
49168
49169
49170
49171
49172
49173
49174
49175
49176
49177
49178
49179
49180
49182
49184
49185
49186
49187
49189
49191
49192
49193
49194
49195
49196
49197
49199
49363
49364
49365
49366
49691
49692
49693
49694
49696
49701
49702
49703
49704
49706
49708
49709
49710
49711
49712
49713
49715
49716
49719
49720
49722
49723
49724
49725
49727
49729
49730
49731
49732
49734
49736
49737
49738
49739
49740
49741
49742
49743
49744
49745
49746
49748
49750
49751
49752
49753
49755
49757
49758
49760
49761
49763
49764
49765
49766
49767
49768
49769
49770
49771
49772
49773
49774
49775
49776
49778
49780
49781
49782
49783
49784
49785
49786
49787
49788
49789
49790
49791
49792
49793
49794
49795
49796
49797
49798
49799
49800
49801
49802
49803
49804
49805
49806
49807
49808
49809
49810
49811
49812
49813
49814
49815
49816
49817
49818
49819
49820
49821
49822
49823
49824
49825
49826
49827
49828
49829
49830
49831
49832
49833
49834
49835
49836
49837
49838
49839
49840
49841
49842
49843
49844
49845
49846
49847
49848
49849
49850
49851
49852
49853
49854
49855
49856
49857
49858
49859
49860
49861
49862
49863
49864
49865
49866
49867
49868
49869
49870
49871
49872
49873
49874
49875
49876
49877
49878
49879
49880
49881
49882
49883
49884
49885
49886
49887
49888
49889
49890
49891
49892
49893
49894
49895
49896
49897
49898
49899
49900
49901
49902
49903
49904
49905
49906
49914
49915
49916
50602
50603
50605
50606
50607
50608
50609
50610
50612
50613
50619
50620
50621
50622
50623
50624
50626
50627
50630
50631
50632
50633
50635
50637
50638
50639
50640
50642
50644
50645
50647
50648
50649
50650
50652
50654
50655
50656
50657
50659
50661
50662
50663
50664
50665
50666
50668
50669
50672
50673
50675
50676
50677
50678
50680
50682
50683
50685
50686
50687
50688
50689
50690
50692
50693
50696
50697
50699
50700
50701
50702
50703
50704
50706
50707
50710
50711
50712
50713
50715
50717
50718
50719
50720
50722
50724
50725
50727
50728
50729
50730
50732
50734
50735
50736
50737
50739
50741
50742
50743
50744
50745
50746
50748
50749
50752
50753
50755
50756
50757
50758
50760
50762
50763
50765
50766
50767
50768
50769
50770
50772
50773
50776
50777
50779
50780
50781
50782
50783
50784
50786
50787
50790
50791
50792
50793
50795
50797
50798
50799
50800
50802
50804
50805
50806
50807
50808
50809
50810
50811
50812
50813
50814
50815
50816
50817
50818
50820
50821
50822
50823
50825
50827
50828
50829
50830
50831
50832
50833
50834
50835
50855
50856
50857
50858
50860
50873
50874
50875
50876
50878
50880
50881
50882
50883
50884
50885
50887
50888
50891
50892
50893
50894
50895
50896
50897
50898
50899
50900
50901
50902
50903
50904
50905
50906
50907
50916
50917
50918
50919
50920
50921
50922
50923
50924
50925
50926
50991
50992
50993
50994
50996
50998
50999
51000
51001
51003
51005
51006
51007
51008
51009
51010
51011
51012
51013
51014
51015
51016
51017
51019
51020
51021
51022
51023
51024
51025
51026
51027
51028
51029
51030
51031
51032
51346
51347
51349
51350
51351
51352
51353
51354
51356
51357
51360
51361
51362
51363
51365
51374
51375
51377
51378
51379
51380
51382
51384
51385
51387
51388
51389
51390
51391
51392
51394
51395
51398
51399
51400
51401
51403
51405
51406
51407
51408
51410
51412
51413
51415
51416
51417
51418
51420
51422
51423
51424
51425
51426
51427
51428
51429
51430
51431
51432
51433
51434
51435
51436
51437
51438
51439
51441
51443
51444
51445
51446
51448
51450
51451
51453
51454
51455
51456
51457
51458
51459
51475
51476
51477
51478
51479
51480
51481
51786
51787
51789
51790
51791
51792
51794
51796
51797
51798
51799
51801
51803
51804
51806
51807
51809
51810
51812
51813
51814
51815
51816
51817
51818
51820
51822
51823
51824
51825
51827
51829
51830
51832
51833
51835
51836
51838
51839
51840
51841
51842
51843
51844
51845
51846
51847
51848
51849
51850
51851
51852
51853
51854
51855
51856
51857
51858
51859
51860
51861
51862
51863
51948
51949
51950
51951
51952
51953
51954
51955
51956
51957
51958
51959
51960
51961
51962
51963
51964
51965
52201
52202
52203
52204
52205
52207
52208
52209
52210
52211
52213
52214
52215
52216
52217
53943
53944
53945
53946
53949
53950
53951
53952
53955
53956
53957
53958
54122
54124
54125
54127
54128
54130
54155
54160
54161
54166
54167
54172
54191
54192
54194
54195
54197
54198
54281
54283
54284
54285
54289
54290
54292
54293
54294
54298
54299
54301
54302
54303
54307
54338
54339
54341
54342
54344
54345
54374
54375
54386
54387
54398
54399
54427
54428
54430
54431
54433
54434
54754
54755
54757
54758
54759
54760
54761
54762
54763
54764
54765
54766
54767
54768
54769
54770
54771
54774
54805
54806
54807
54808
54809
54810
54811
54812
54813
54814
54815
54816
54817
54818
54819
54822
54856
54857
54858
54859
54860
54861
54862
54863
54864
54865
54866
54867
54868
54869
54870
54871
54872
54873
55285
55286
55287
55288
55353
55466
55467
55468
55469
55470
55471
55472
55473
55474
55475
55476
55477
55615
55731
55772
55836
55837
55838
55943
55944
55945
55977
55978
55986
55987
55988
55989
55998
56007
56008
56009
56018
56021
56023
56032
56034
56035
56047
56067
56068
56069
56070
56071
56072
56073
56074
56075
56076
56077
56078
56079
56089
56131
56135
56172
56208
56212
56216
56220
56255
56257
56259
56284
56285
56286
56287
56288
56289
56290
56339
56340
56341
56344
56373
56429
56434
56435
56437
56438
56439
56440
56441
56442
56443
56444
56445
56446
56447
56448
56449
56450
56451
56452
56453
56454
56455
56456
56457
56459
56576
56577
56580
56588
56589
56591
56602
56603
56604
56605
56657
56658
56662
56666
56723
56729
56730
56731
56732
56733
56734
-210
-215
-220
-2019
-2025
-2031
2986
2995
3004
-3747
-3754
-3761
-4597
-4599
-4601
-5169
-5192
-5215
-5579
5597
-5615
5628
5633
-5651
5664
-5670
-5671
-5672
-5673
-5919
-5946
-5973
-6602
6627
6629
6630
-6652
6665
6666
6668
6677
6679
6680
-6702
6715
6716
6718
6727
6729
6730
-6947
-6969
-6991
-7444
7455
7456
7458
7465
7467
7468
-7487
7498
7499
7501
7508
7510
7511
-7530
7541
7542
7544
7551
7553
7554
7822
-7826
7848
-7852
-7863
7874
-7878
-7889
-7914
9040
-9044
-9054
9063
-9067
-9077
9086
-9090
-9100
10624
-10627
-10637
10646
-10649
-10659
10668
-10671
-10681
11354
-11357
-11366
11373
-11376
-11385
11392
-11395
-11404
11537
-11543
11562
-11568
-11576
11587
-11593
-11601
-11626
12793
-12799
-12806
12916
-12922
-12929
13039
-13045
-13052
14027
-14032
-14035
14048
-14053
-14056
14069
-14074
-14077
15251
-15256
-15259
15269
-15274
-15277
15287
-15292
-15295
-24765
-24774
-24776
-24789
-24798
-24800
-24813
-24822
-24824
26268
26273
26284
26287
26292
26348
26352
26357
26368
26371
26376
26432
26436
26441
26452
26455
26460
-34367
-34372
-34377
-34386
-34391
-34396
-34404
-34475
-34479
-34483
-34490
-34494
-34498
-34506
-34509
-34748
-34753
-34758
-34767
-34772
-34777
-34786
-34791
-34796
-35029
-35033
-35037
-35044
-35048
-35052
-35059
-35063
-35067
-35126
-35130
-35134
-35141
-35145
-35149
-35156
-35160
-35164
-35372
-35376
-35380
-35387
-35391
-35395
-35403
-35407
35518
35523
35524
35528
35536
35540
35541
35544
35552
35557
35558
35562
35570
35574
35575
35578
35586
35591
35592
35596
-35599
35604
35608
35609
35612
-35614
-36423
-36426
-36429
-36434
-36437
-36440
-36445
-36448
-36451
36690
36695
36696
36700
36708
36712
36713
36716
36724
36729
36730
36734
-36737
36742
36746
36747
36750
-36752
36758
36763
36764
36768
-36771
36776
36780
36781
36784
-36786
-37109
-37112
-37115
-37120
-37123
-37126
-37131
-37134
-37137
37590
37609
37635
37636
38507
38526
38545
38564
38583
38604
38606
39758
39773
39786
39799
-39805
39814
39827
39860
41445
41460
41473
41486
41501
41514
41527
41542
41555
41568
41583
41596
41609
41624
41637
41652
41663
41676
-41679
42770
42789
43285
43304
-43311
-43312
43983
43998
44011
44024
44039
44052
44085
44086
44096
45037
45052
45065
45078
-45083
45093
45106
45412
45540
45555
45780
45799
-45805
45818
-45824
45844
45863
45882
45965
45989
46013
46026
46050
46060
46127
46142
46162
46172
-46176
-46178
46192
46207
46543
46560
46575
-46579
-46581
46590
46603
46635
46636
46680
47131
47144
47147
47149
47150
47169
47176
47179
47181
47182
47203
-47207
47216
47219
47221
47222
47241
-47243
47248
47251
47253
47254
47288
47291
47293
47294
47320
47323
47325
47326
47543
47575
47590
47605
47622
47637
47652
47669
47684
47699
47716
47731
47746
47763
-47769
47791
47804
-47808
-47809
47922
47924
47925
47926
47941
47954
47956
47957
47958
47971
47978
47980
47981
47982
48010
48012
48013
48014
48034
48036
48037
48038
48066
48068
48069
48070
48290
48320
48335
48350
48365
48395
48415
48634
48645
-48649
48656
48665
-48667
48674
49020
49031
49042
49051
49065
49074
49085
-49088
49096
49107
49116
49123
49130
49139
49181
49188
49198
49695
49705
49714
49721
49726
49733
49747
49754
49759
49762
49777
50604
50611
50625
50634
50641
50646
50651
50658
50667
50674
50679
50684
50691
50698
50705
50714
50721
50726
50731
50738
50747
50754
50759
50764
50771
50778
50785
50794
50801
50819
50824
50836
50859
50877
50886
50908
50995
51002
51018
51348
51355
51364
51376
51381
51386
51393
51402
51409
51414
51419
51440
51447
51452
51788
51793
51800
51805
51808
51811
51819
51826
51831
51834
51837
375
376
381
-565
-738
-850
1244
1246
1251
-1445
-1618
-1730
2201
2203
2208
-2402
-2575
-2687
2985
2987
2992
3180
-3350
-3519
-3631
-3924
-4105
-4274
-4399
-4511
-4677
-4760
-4843
-4926
-4996
-5172
-5180
-5183
-5584
-5594
-5602
-5603
-5606
-5928
-6135
-6142
-6144
6591
-6609
-6611
-6614
-6636
-6639
7823
-7831
-8297
-8299
9463
-9470
-9888
-9904
11538
-11547
11561
-11697
-11704
-11711
11724
-11880
-11894
-12006
-12013
-12020
12034
12816
-12821
12853
-12862
-12865
-12867
-12868
-12874
-12876
-14317
14325
-14351
-14353
-14355
14367
-14375
-14378
-14379
-16498
16506
16531
-16535
-16539
-16563
16568
-16571
-18598
18608
-18613
18661
-18665
18689
-18692
-18696
-20042
20051
-20478
-20480
-20482
20491
-20498
-20499
-20501
-21294
21302
-21307
-21350
21359
-21378
21382
-21385
-24524
-24531
-24538
24551
-24929
-24937
-24940
24949
-25079
-25083
-25085
25341
-25349
-25357
-25358
-25360
26213
-26217
-26219
-26221
-26226
26258
-26262
-26270
26775
26776
26777
-26789
-26792
-26793
-26794
26795
-26801
-26804
27751
-27754
-27761
31751
-31756
-31758
35516
35521
35526
37583
37588
37593
38501
38506
38511
39753
39757
39761
41454
41458
41462
42764
42769
42774
43993
43997
44001
-45386
-45391
-45396
-45521
-45524
-45527
-45755
-45760
-45765
-45971
-45974
-45977
-46523
-46526
-46529
-47553
-47557
-47561
-48299
-48303
-48307
-399
-400
-405
586
747
856
-1273
1466
1627
1736
-2230
2423
2584
2693
-3014
-3198
3371
3528
3637
3945
4126
4283
4408
4517
4683
4766
4849
4932
4999
5230
5241
-5250
-5251
-5396
-5412
5658
5679
6005
6009
6757
6759
-6764
-6768
-6783
-6787
-6788
7250
7253
7256
7257
-7901
7908
8417
8419
-8855
8862
-9577
9584
-11613
11622
11769
11776
11783
-11796
11942
11944
11951
11952
12078
12085
12092
-13185
13190
-13222
13231
13234
13236
13237
13238
13243
13245
-13528
-13532
-13534
-13541
-13543
-15670
15676
-15698
15706
15710
17188
-17196
-17221
17225
17229
17253
-17258
17261
20096
-20105
-20297
-20299
-20305
-20309
-20311
21643
-21652
21655
21663
-21672
21698
-21703
21704
24596
24603
24610
25001
25009
25012
25115
25119
25121
-25488
25496
25498
25499
25504
25505
25507
26409
26417
26422
26451
26458
26461
-26472
-26967
26973
26976
-26987
26993
26996
-27851
27854
27863
-28431
28436
28438
31819
31822
31825
-35321
-35322
-35618
-35623
-35628
-37697
-37702
-37707
-37711
-39360
-39364
-39999
-40003
-40007
-40010
-42821
-42826
-42831
-42835
-44116
-44120
-44124
-44127
45443
45448
45453
45457
45611
45614
45617
45619
45708
45869
45874
45879
45883
46357
46362
46366
46781
46784
46787
46789
48430
48434
48438
48441
)


// ************************************************************************* //
