/*--------------------------------*- C++ -*----------------------------------*\
| =========                 |                                                 |
| \\      /  F ield         | OpenFOAM: The Open Source CFD Toolbox           |
|  \\    /   O peration     | Version:  2.3.x                                 |
|   \\  /    A nd           | Web:      www.OpenFOAM.org                      |
|    \\/     M anipulation  |                                                 |
\*---------------------------------------------------------------------------*/
FoamFile
{
    version     2.0;
    format      ascii;
    class       labelList;
    location    "constant/polyMesh";
    object      pointProcAddressing;
}
// * * * * * * * * * * * * * * * * * * * * * * * * * * * * * * * * * * * * * //


3915
(
100
101
102
103
143
144
145
146
186
187
188
189
229
230
231
232
272
273
274
275
389
390
391
392
432
433
434
435
475
476
477
478
518
519
520
521
561
562
563
564
690
691
692
693
733
734
735
736
776
777
778
779
819
820
821
822
862
863
864
865
948
949
950
951
991
992
993
994
1034
1035
1036
1037
1077
1078
1079
1080
1120
1121
1122
1123
1163
1164
1165
1166
1249
1250
1251
1252
1292
1293
1294
1295
1335
1336
1337
1338
1378
1379
1380
1381
1421
1422
1423
1424
1464
1465
1466
1467
1550
1551
1552
1553
1593
1594
1595
1596
1636
1637
1638
1639
1679
1680
1681
1682
1722
1723
1724
1725
1765
1766
1767
1768
1851
1852
1853
1854
1894
1895
1896
1897
1937
1938
1939
1940
1980
1981
1982
1983
2023
2024
2025
2026
2066
2067
2068
2069
2099
2100
2101
2112
2113
2114
2137
2139
2141
2150
2151
2152
2153
2154
2155
2157
2176
2177
2178
2188
2189
2190
2192
2219
2220
2222
2223
2225
2226
2235
2236
2237
2238
2239
2240
2242
2252
2253
2254
2255
2256
2257
2259
2263
2264
2265
2281
2282
2283
2284
2285
2286
2287
2288
2289
2311
2312
2313
2314
2323
2324
2326
2337
2338
2339
2340
2341
2342
2343
2344
2345
2358
2359
2360
2368
2369
2370
2376
2377
2378
2389
2390
2391
2398
2399
2400
2413
2414
2415
2443
2447
2451
2473
2474
2475
2508
2509
2512
2513
2517
2518
2553
2554
2555
2556
2557
2558
2559
2560
2561
2562
2563
2564
2566
2604
2605
2606
2607
2608
2609
2610
2611
2612
2613
2614
2615
2642
2645
2648
2649
2650
2651
2652
2654
2655
2656
2657
2658
2661
2662
2663
2664
2692
2728
2729
2731
2734
2736
2737
2738
2739
2740
2741
2742
2743
2744
2745
2746
2747
2748
2749
2750
2751
2755
2756
2758
2760
2762
2795
2796
2797
2798
2799
2800
2801
2802
2803
2804
2805
2806
2808
2838
2839
2840
2841
2842
2843
2844
2845
2846
2847
2848
2849
2870
2872
2874
2876
2878
2881
2898
2899
2900
2901
2902
2903
2904
2905
2906
2907
2908
2911
2932
2933
2934
2935
2936
2937
2968
2969
2970
2971
2972
2973
2988
2990
2992
3000
3001
3002
3013
3014
3015
3016
3029
3030
3031
3032
3033
3034
3048
3054
3055
3056
3076
3077
3078
3079
3080
3081
3082
3094
3095
3096
3097
3098
3099
3117
3118
3119
3129
3130
3131
3132
3133
3134
3153
3154
3155
3188
3189
3190
3233
3238
3243
3270
3271
3272
3311
3313
3315
3346
3349
3350
3351
3352
3353
3354
3355
3356
3357
3358
3359
3360
3410
3417
3420
3424
3427
3443
3444
3445
3470
3471
3472
3473
3505
3506
3507
3508
3509
3510
3511
3512
3513
3514
3515
3516
3518
3533
3534
3535
3536
3537
3538
3539
3540
3571
3572
3573
3574
3575
3576
3577
3578
3579
3580
3581
3582
3585
3605
3606
3607
3608
3609
3610
3611
3612
3613
3614
3615
3616
3644
3664
3665
3666
3667
3668
3669
3670
3671
3672
3673
3674
3675
3703
3706
3709
3721
3722
3767
3770
3775
3777
3779
3780
3781
3782
3783
3784
3785
3787
3789
3790
3791
3792
3793
3794
3795
3798
3803
3804
3805
3806
3808
3810
3831
3832
3833
3834
3835
3836
3837
3838
3839
3890
3892
3894
3898
3899
3900
3901
3902
3903
3906
3907
3908
3909
3910
3911
3915
3917
3918
3919
3989
3990
3991
3992
3993
3994
3995
3996
3997
3998
3999
4000
4001
4002
4003
4004
4005
4006
4027
4028
4029
4030
4056
4057
4058
4059
4060
4061
4099
4101
4102
4103
4104
4105
4107
4108
4109
4110
4111
4113
4114
4115
4116
4118
4120
4121
4183
4184
4185
4186
4187
4188
4189
4190
4191
4192
4193
4194
4195
4196
4197
4198
4199
4200
4201
4202
4203
4204
4205
4206
4207
4208
4209
4210
4211
4212
4215
4216
4275
4276
4278
4306
4308
4309
4310
4311
4313
4314
4315
4316
4318
4319
4320
4361
4362
4363
4364
4366
4367
4368
4369
4370
4371
4372
4373
4374
4375
4376
4377
4378
4382
4383
4419
4420
4421
4422
4423
4424
4425
4426
4427
4428
4429
4430
4431
4432
4433
4434
4435
4436
4437
4438
4496
4497
4498
4499
4500
4501
4502
4503
4504
4528
4529
4530
4531
4532
4533
4534
4535
4536
4537
4538
4539
4586
4587
4588
4589
4590
4591
4635
4636
4637
4638
4642
4643
4644
4649
4650
4651
4656
4657
4658
4683
4684
4685
4686
4687
4688
4689
4690
4691
4692
4693
4694
4695
4696
4697
4699
4701
4735
4736
4737
4748
4749
4750
4751
4752
4753
4754
4755
4756
4757
4758
4759
4760
4761
4762
4790
4791
4792
4813
4815
4857
4858
4859
4860
4861
4862
4863
4864
4865
4866
4867
4868
4869
4870
4871
4872
4873
4874
4875
4876
4877
4878
4879
4880
4881
4882
4883
4884
4885
4886
4887
4888
4889
4890
4891
4892
4893
4894
4895
4896
4897
4898
4900
4902
4904
4980
4981
4982
4983
4984
4985
4986
4987
4988
4989
4990
4991
4992
4993
4994
4995
4996
4997
4998
4999
5000
5001
5002
5003
5004
5005
5006
5007
5008
5009
5010
5011
5012
5013
5014
5015
5016
5017
5018
5019
5020
5021
5094
5099
5104
5114
5115
5116
5117
5124
5125
5126
5127
5128
5129
5131
5148
5149
5150
5158
5159
5162
5163
5164
5165
5166
5167
5168
5169
5170
5171
5172
5173
5174
5175
5176
5189
5190
5191
5192
5193
5194
5196
5234
5237
5238
5239
5240
5241
5242
5243
5244
5245
5246
5247
5248
5249
5250
5251
5252
5258
5259
5260
5273
5274
5275
5276
5277
5278
5279
5280
5281
5282
5283
5284
5285
5286
5287
5338
5343
5348
5360
5361
5362
5363
5364
5365
5366
5367
5368
5369
5396
5401
5402
5403
5404
5405
5406
5407
5408
5409
5410
5411
5412
5413
5415
5416
5417
5418
5419
5420
5435
5436
5437
5438
5439
5440
5444
5446
5482
5485
5486
5487
5488
5490
5491
5492
5493
5496
5497
5498
5504
5505
5506
5507
5508
5509
5528
5536
5537
5538
5539
5540
5541
5542
5543
5544
5545
5546
5547
5548
5549
5550
5551
5552
5553
5554
5555
5556
5557
5558
5559
5560
5561
5562
5600
5601
5602
5603
5604
5605
5606
5607
5608
5609
5610
5611
5612
5613
5614
5615
5624
5625
5626
5635
5636
5637
5638
5639
5640
5641
5642
5643
5644
5645
5646
5647
5648
5649
5664
5665
5666
5730
5733
5737
5740
5742
5743
5744
5747
5750
5752
5753
5754
5757
5762
5763
5764
5798
5799
5809
5810
5811
5812
5813
5814
5815
5865
5869
5893
5894
5895
5896
5897
5898
5899
5900
5901
5902
5903
5904
5905
5906
5907
5910
5959
5960
5961
5964
5965
5966
5967
5969
5970
5971
5972
5977
6002
6003
6004
6044
6048
6049
6050
6052
6053
6054
6055
6056
6058
6059
6060
6061
6068
6069
6070
6071
6072
6088
6089
6090
6097
6102
6107
6117
6121
6122
6123
6124
6125
6126
6127
6128
6129
6130
6131
6132
6133
6134
6135
6160
6161
6162
6222
6223
6224
6225
6226
6227
6228
6229
6230
6231
6232
6233
6234
6235
6236
6237
6238
6239
6240
6241
6242
6243
6244
6245
6246
6247
6248
6249
6250
6251
6253
6328
6329
6330
6331
6332
6333
6334
6335
6336
6337
6338
6339
6340
6341
6342
6343
6344
6345
6346
6347
6348
6349
6350
6351
6352
6353
6354
6355
6356
6427
6428
6431
6432
6433
6434
6435
6436
6437
6438
6439
6440
6441
6442
6443
6444
6446
6447
6448
6465
6469
6481
6482
6483
6484
6485
6486
6487
6488
6489
6546
6547
6548
6549
6552
6555
6556
6557
6558
6559
6560
6561
6562
6563
6564
6565
6566
6567
6568
6569
6570
6571
6572
6573
6574
6575
6576
6577
6578
6580
6581
6582
6583
6584
6586
6587
6611
6617
6618
6622
6623
6624
6625
6629
6630
6631
6642
6643
6644
6645
6646
6647
6648
6649
6650
6651
6652
6674
6675
6676
6677
6678
6679
6680
6681
6682
6683
6684
6685
6686
6687
6688
6689
6690
6691
6692
6739
6740
6743
6744
6745
6746
6747
6748
6749
6750
6751
6752
6816
6817
6818
6820
6821
6822
6824
6825
6826
6829
6839
6844
6845
6846
6847
6848
6849
6850
6851
6852
6853
6854
6855
6856
6857
6858
6862
6890
6892
6893
6894
6895
6896
6897
6898
6899
6900
6901
6902
6903
6904
6905
6906
6907
6908
6909
6910
6911
6912
6913
6914
6915
6916
6917
6918
6919
6920
6921
6922
6923
6925
6931
6933
6935
6945
6950
6951
6952
6953
6954
6955
6956
6957
6958
6959
6960
6961
6962
6963
6964
7089
7090
7091
7092
7093
7094
7095
7096
7097
7098
7099
7100
7101
7102
7103
7104
7105
7106
7107
7108
7109
7110
7111
7112
7114
7115
7116
7117
7118
7119
7120
7121
7122
7123
7124
7125
7126
7127
7128
7129
7130
7131
7132
7133
7134
7135
7136
7137
7139
7140
7141
7142
7143
7144
7145
7146
7147
7148
7149
7150
7151
7152
7153
7154
7155
7156
7157
7158
7159
7160
7161
7162
7166
7168
7170
7177
7179
7180
7249
7251
7268
7269
7270
7271
7272
7273
7334
7335
7336
7338
7339
7340
7341
7343
7344
7345
7346
7348
7353
7394
7395
7396
7397
7398
7399
7400
7401
7402
7403
7404
7405
7406
7407
7408
7409
7410
7411
7412
7413
7414
7415
7416
7417
7418
7419
7420
7421
7422
7423
7424
7425
7426
7427
7428
7429
7430
7431
7432
7433
7434
7435
7436
7437
7438
7439
7440
7441
7442
7443
7444
7445
7446
7447
7448
7449
7450
7451
7452
7453
7454
7455
7456
7457
7458
7459
7460
7461
7462
7463
7464
7465
7466
7467
7468
7469
7470
7471
7472
7544
7545
7546
7547
7548
7549
7579
7580
7582
7583
7584
7586
7587
7588
7590
7648
7649
7650
7651
7652
7662
7663
7664
7665
7666
7667
7774
7775
7776
7777
7778
7779
7780
7781
7782
7783
7784
7785
7786
7787
7788
7789
7790
7791
7792
7793
7794
7795
7796
7797
7798
7799
7800
7801
7802
7803
7804
7805
7806
7807
7808
7809
7810
7811
7812
7813
7814
7815
7816
7817
7818
7819
7820
7821
7822
7823
7824
7825
7826
7827
7828
7829
7830
7831
7832
7833
7834
7835
7836
7837
7838
7839
7840
7841
7842
7843
7844
7845
7846
7847
7848
7854
7858
8006
8007
8008
8009
8010
8011
8012
8013
8014
8015
8016
8017
8018
8019
8020
8021
8022
8023
8024
8025
8026
8027
8028
8029
8030
8031
8032
8033
8034
8035
8036
8037
8038
8039
8040
8041
8042
8043
8044
8045
8046
8047
8048
8049
8050
8051
8052
8053
8054
8055
8056
8057
8058
8059
8060
8061
8062
8063
8064
8065
8066
8067
8068
8069
8070
8071
8072
8073
8074
8075
8076
8077
8195
8196
8198
8199
8201
8202
8204
8214
8215
8216
8226
8230
8234
8244
8245
8246
8292
8293
8294
8295
8312
8313
8314
8315
8316
8317
8318
8319
8320
8356
8357
8358
8359
8360
8361
8362
8363
8364
8365
8366
8367
8368
8369
8370
8371
8372
8373
8374
8375
8376
8379
8380
8383
8432
8433
8434
8435
8436
8437
8438
8439
8440
8441
8442
8443
8444
8445
8446
8447
8448
8449
8450
8451
8452
8486
8487
8488
8489
8517
8518
8519
8522
8523
8524
8533
8534
8535
8538
8541
8542
8543
8591
8601
8602
8612
8613
8614
8629
8631
8632
8633
8634
8635
8636
8637
8638
8648
8655
8656
8657
8658
8659
8660
8661
8662
8681
8682
8704
8705
8706
8707
8708
8709
8720
8721
8722
8732
8733
8734
8768
8769
8770
8771
8772
8773
8774
8775
8776
8777
8778
8779
8782
8832
8833
8834
8835
8836
8837
8838
8839
8840
8841
8842
8843
8916
8917
8918
8976
8978
8980
8981
8982
8983
8984
8985
8986
8987
8988
8989
8990
9000
9001
9002
9003
9004
9005
9006
9007
9008
9082
9083
9084
9085
9086
9087
9088
9089
9090
9091
9092
9093
9095
9096
9098
9099
9100
9139
9141
9143
9172
9173
9174
9175
9176
9177
9178
9179
9180
9181
9182
9183
9184
9185
9186
9187
9188
9189
9190
9191
9192
9193
9194
9195
9196
9197
9198
9199
9200
9201
9202
9203
9204
9205
9206
9207
9208
9209
9210
9211
9212
9307
9308
9309
9310
9311
9313
9314
9315
9316
9317
9318
9319
9321
9323
9324
9325
9326
9327
9328
9329
9330
9331
9332
9333
9334
9335
9336
9337
9338
9339
9340
9341
9342
9343
9344
9345
9346
9347
9348
9349
9350
9351
9352
9353
9354
9361
9362
9364
9365
9366
9474
9475
9476
9477
9478
9479
9480
9481
9482
9483
9484
9485
9486
9487
9488
9489
9490
9491
9492
9493
9494
9495
9496
9497
9498
9499
9500
9675
9676
9677
9694
9695
9696
9702
9703
9704
9716
9717
9718
9719
9720
9721
9722
9756
9757
9758
9759
9760
9761
9762
9763
9764
9765
9766
9767
9787
9788
9789
9790
9791
9792
9793
9794
9795
9796
9797
9798
9800
9801
9850
9851
9852
9853
9854
9855
9857
9873
9874
9875
9876
9877
9878
9879
9880
9881
9882
9883
9884
9901
9912
9913
9914
9915
9916
9917
10109
10110
10111
10112
10113
10114
10115
10116
10117
10118
10119
10120
10121
10122
10327
10328
10329
10330
10361
10362
10363
10364
10433
10436
10437
10439
10440
10441
10442
10443
10445
10446
10447
10448
10449
10451
10452
10454
10456
10481
10482
10483
10484
10485
10486
10487
10488
10506
10507
10508
10509
10510
10511
10513
10545
10546
10547
10548
10549
10550
10552
10563
10564
10565
10566
10567
10568
10570
10577
10578
10579
10590
10591
10592
10615
10616
10617
10618
10619
10620
10648
10649
10650
10651
10652
10653
10654
10655
10656
10657
10658
10659
10678
10679
10680
10681
10682
10683
10750
10751
10752
10753
10771
10774
10775
10776
10777
10778
10779
10780
10781
10782
10784
10785
10811
10812
10816
10817
10818
10820
10821
10822
10823
10824
10826
10827
10828
10832
10833
10851
10852
10853
10875
10876
10877
10911
10912
10913
10914
10915
10916
10917
10918
10919
10920
10921
10922
10939
10940
10941
10965
10966
10967
10973
10974
10975
10984
10985
10986
11079
11080
11081
11082
11083
11084
11085
11086
11087
11088
11089
11090
11091
11092
11093
11094
11141
11142
11143
11144
11145
11146
11147
11148
11149
11173
11177
11178
11179
11180
11181
11182
11183
11184
11185
11186
11187
11188
11189
11190
11191
11192
11193
11194
11195
11196
11197
11198
11260
11262
11264
11265
11266
11267
11268
11269
11270
11271
11272
11273
11277
11281
11282
11283
11692
11693
11694
11695
11884
11889
11890
11891
11892
11893
11894
11895
11896
11897
11898
11899
11900
11901
11902
11903
11939
11946
11953
11981
11986
11987
11988
11989
11990
11991
11992
11993
11994
11995
11996
11997
11998
11999
12000
12015
12018
12019
12020
12021
12022
12023
12024
12025
12026
12078
12079
12081
12082
12083
12084
12085
12086
12087
12088
12089
12090
12091
12092
12093
12094
12095
12096
12097
12098
12099
12100
12101
12102
12103
12104
12105
12106
12107
12108
12109
12110
12113
12114
12262
12263
12264
12265
12266
12267
12268
12269
12270
12271
12272
12273
12274
12275
12276
12277
12278
12279
12280
12281
12282
12283
12284
12285
12286
12287
12288
12289
12290
12291
12292
12293
12294
12295
12296
12297
12298
12299
12300
12301
12302
12303
12307
12347
12348
12349
12350
12351
12354
12355
12356
12357
12358
12359
12360
12361
12362
12363
12364
12365
12366
12367
12368
12369
12370
12374
12376
12377
12492
12493
12494
12496
12497
12498
12499
12500
12501
12502
12503
12504
12505
12506
12512
12513
12514
12540
12541
12542
12543
12544
12545
12546
12547
12548
12549
12550
12551
12588
12609
12610
12611
12612
12613
12614
12615
12616
12617
12981
12982
12983
12984
12985
12986
12987
12998
12999
13000
13001
13002
13003
13015
13016
13017
13018
13019
13020
13100
13101
13102
13103
13104
13105
13529
13530
13532
13533
13534
13535
13536
13537
13538
13539
13540
13541
13542
13543
13620
13621
13622
13623
13624
13625
14432
14433
14434
14435
14436
14437
14438
14439
14440
14441
14442
14443
14444
14445
14446
14447
14448
14449
15003
15004
15005
15015
15016
15017
15019
15020
15021
15031
15032
15033
15035
15036
15037
15045
15046
15101
15102
15103
15109
15110
15111
15116
15117
15118
15286
15287
15288
15290
15291
15292
15302
15303
15304
15306
15307
15308
15318
15319
15320
15322
15323
15324
15484
15485
15486
15492
15493
15494
15500
15501
15502
15540
15541
15542
15548
15549
15550
15556
15557
15558
15656
15657
15658
15659
15698
15699
15700
15706
15707
15708
15714
15715
15716
15786
15787
15788
15790
15791
15792
15794
15795
15796
15798
15799
15800
15802
15803
15804
15806
15807
15808
15810
15811
15812
15814
15815
15816
15818
15819
15820
15822
15823
15824
15826
15827
15828
15830
15831
15832
15834
15835
15836
15837
15838
15839
15840
15841
15842
15843
15844
15846
15847
15848
15850
15851
15852
15854
15855
15856
15857
15862
15863
15864
15865
15866
15867
15868
16479
16480
16481
16483
16484
16485
16487
16488
16489
16491
16492
16493
16495
16496
16497
16499
16500
16501
16503
16504
16505
16507
16508
16509
16510
16511
16512
16513
16514
16515
16516
16517
16519
16520
16521
16523
16524
16525
16526
16527
16528
16529
16531
16532
16533
16534
16535
16536
16537
16538
16539
16540
16541
16543
16544
16545
16547
16548
16549
16550
16962
16963
16964
16966
16967
16968
16970
16971
16972
16974
16975
16976
16978
16979
16980
16981
16982
16983
16984
16986
16987
16988
16990
16991
16992
16994
16995
16996
16997
16998
16999
17000
17001
17002
17003
17004
17005
17006
17007
17008
17009
17010
17011
17012
17013
17014
17015
17016
17017
17018
17019
17020
17021
17022
17023
17024
17025
17026
17027
17028
17029
17030
17031
17032
17033
17034
17035
17036
17037
17038
17039
17040
17041
17042
17043
17044
17045
17046
17047
17048
17049
17050
17051
17052
17053
17054
17055
17056
17057
17062
17063
17064
17065
17066
17067
17068
17069
17496
17497
17498
17500
17501
17502
17504
17505
17506
17508
17509
17510
17512
17513
17514
17516
17517
17518
17520
17521
17522
17524
17525
17526
17528
17529
17530
17532
17533
17534
17536
17537
17538
17540
17541
17542
17544
17545
17546
17548
17549
17550
17552
17553
17554
17556
17557
17558
17560
17561
17562
17564
17565
17566
17568
17569
17570
17572
17573
17574
17576
17577
17578
17579
17580
17581
17582
17583
17584
17585
17586
17587
17588
17589
17879
17880
17881
18034
18035
18036
18038
18039
18040
18042
18043
18044
18046
18047
18048
18050
18051
18052
18054
18055
18056
18058
18059
18060
18061
18062
18063
18064
18066
18067
18068
18070
18071
18072
18074
18075
18076
18077
18078
18079
18080
18081
18082
18083
18084
18085
18086
18087
18088
18089
18090
18091
18092
18093
18094
18095
18096
18097
18098
18099
18100
18101
18102
18103
18104
18105
18106
18107
18108
18109
18110
18111
18112
18113
18114
18115
18116
18117
18118
18119
18120
18121
18122
18123
18124
18125
18126
18127
18128
18129
18130
18131
18132
18133
18134
18135
18136
18137
18138
18139
18140
18141
18142
18143
18144
18145
18146
18147
18148
18149
18150
18151
18152
18153
18154
18155
18156
18157
18729
18730
18731
18733
18734
18735
18737
18738
18739
18741
18742
18743
18745
18746
18747
18749
18750
18751
18753
18754
18755
18757
18758
18759
18761
18762
18763
18765
18766
18767
18769
18770
18771
18773
18774
18775
18777
18778
18779
18781
18782
18783
18785
18786
18787
18789
18790
18791
18793
18794
18795
18797
18798
18799
18801
18802
18803
18805
18806
18807
18809
18810
18811
18813
18814
18815
18817
18818
18819
18821
18822
18823
18825
18826
18827
18829
18830
18831
18832
18833
18834
18835
18836
18837
18838
18839
18841
18842
18843
18845
18846
18847
18848
19185
19186
19187
19189
19190
19191
19193
19194
19195
19197
19198
19199
19201
19202
19203
19205
19206
19207
19209
19210
19211
19213
19214
19215
19217
19218
19219
19220
19221
19222
19223
19224
19225
19226
19227
19228
19229
19230
19231
19232
19233
19234
19235
19236
19237
19238
19239
19240
19501
19502
19503
19505
19506
19507
19509
19510
19511
19513
19514
19515
19517
19518
19519
19520
19521
19522
19523
19524
19525
19526
19527
19528
19529
19530
19531
19533
19534
19535
19536
19537
19538
19539
19540
19541
19542
19543
19544
19545
19546
19547
19548
19837
19838
19839
19841
19842
19843
19845
19846
19847
19849
19850
19851
19853
19854
19855
19857
19858
19859
19861
19862
19863
19865
19866
19867
19869
19870
19871
19873
19874
19875
19877
19878
19879
19880
19881
19882
19883
19884
19885
19886
19887
19888
19889
19890
19891
19892
19893
19894
19895
19896
19909
19910
19911
19912
20144
20145
20146
20148
20149
20150
20152
20153
20154
20156
20157
20158
20160
20161
20162
20164
20165
20166
20168
20169
20170
20171
20172
20173
20174
20176
20177
20178
20180
20181
20182
20184
20185
20186
20187
20188
20189
20190
20191
20192
20193
20194
20195
20196
20197
20198
20199
20200
20201
20202
20203
20256
20257
20258
20260
20261
20262
20264
20265
20266
20268
20269
20270
20272
20273
20274
20275
20276
20277
20278
20279
20280
20281
20282
20283
20284
20285
20286
20287
20288
20289
20290
20291
20292
20293
20294
20295
20321
20322
20323
20325
20326
20327
20329
20330
20331
20332
20333
20334
20335
20336
20337
20338
20339
20340
20341
20342
20343
20344
20365
20366
20399
20400
20401
20407
20408
20409
20411
20412
20413
20415
20416
20417
20419
20420
20421
20423
20424
20425
20426
20427
20428
20429
20430
20431
20432
20433
20434
20435
20436
20437
20439
20440
20441
20442
20443
20444
20445
20446
20447
20448
20449
20450
20451
20452
20453
20454
20455
20456
20457
20458
20459
20460
20461
20462
20463
20464
20465
20466
20467
20468
20469
20470
20471
20472
20473
20474
20475
20476
20477
20478
20507
20508
20509
20511
20512
20513
20528
20529
20530
20532
20533
20534
20536
20537
20538
20539
20540
20541
20542
20543
20544
20545
20546
20547
20548
20549
20550
20551
20611
20612
20613
20614
20615
20616
20617
20618
20619
20620
20621
20681
20682
20683
20685
20686
20687
20689
20690
20691
20693
20694
20695
20697
20698
20699
20700
20701
20702
20703
20705
20706
20707
20708
20709
20710
20711
20712
20713
20714
20715
20716
20717
20718
20719
20720
20721
20722
20723
20724
20725
20726
20727
20728
20729
20730
20731
20732
20733
20734
20735
20736
20737
20738
20739
20740
20741
20742
20743
20744
20745
20746
20747
20748
20749
20750
20751
20752
20781
20782
20783
20843
20844
20845
20847
20848
20849
20851
20852
20853
20855
20856
20857
20858
20859
20860
20861
20863
20864
20865
20867
20868
20869
20870
20871
20872
20873
20875
20876
20877
20927
20928
20929
20931
20932
20933
20935
20936
20937
20939
20940
20941
20943
20944
20945
20947
20948
20949
20951
20952
20953
20955
20956
20957
20959
20960
20961
20963
20964
20965
20967
20968
20969
20971
20972
20973
20975
20976
20977
20979
20980
20981
20983
20984
20985
20987
20988
20989
20991
20992
20993
20995
20996
20997
20999
21000
21001
21003
21004
21005
21007
21008
21009
21011
21012
21013
21014
21015
21016
21017
21018
21019
21020
21021
21022
21023
21024
21025
21026
21039
21040
21041
21043
21044
21045
21046
21047
21048
21049
21050
21093
21094
21095
21101
21102
21103
21105
21106
21107
21109
21110
21111
21113
21114
21115
21117
21118
21119
21120
21121
21122
21123
21125
21126
21127
21128
21129
21130
21131
21132
21196
21197
21198
21200
21201
21202
21203
21204
21205
21206
21208
21209
21210
21212
21213
21214
21215
21216
21217
21218
21219
21220
21221
21222
21223
21224
21225
21226
21227
21228
21229
21230
21231
21283
21284
21285
21287
21288
21289
21358
21359
21360
21362
21363
21364
21365
21366
21367
21368
21369
21538
21539
21540
21542
21543
21544
21546
21547
21548
21550
21551
21552
21554
21555
21556
21558
21559
21560
21562
21563
21564
21566
21567
21568
21570
21571
21572
21573
21582
21583
21584
21586
21587
21588
21589
21590
21591
21592
21593
21662
21663
21664
21666
21667
21668
21670
21671
21672
21673
)


// ************************************************************************* //
