/*--------------------------------*- C++ -*----------------------------------*\
| =========                 |                                                 |
| \\      /  F ield         | OpenFOAM: The Open Source CFD Toolbox           |
|  \\    /   O peration     | Version:  2.3.x                                 |
|   \\  /    A nd           | Web:      www.OpenFOAM.org                      |
|    \\/     M anipulation  |                                                 |
\*---------------------------------------------------------------------------*/
FoamFile
{
    version     2.0;
    format      ascii;
    class       labelList;
    note        "nPoints: 4186 nCells: 2932 nFaces: 9948 nInternalFaces: 8007";
    location    "constant/polyMesh";
    object      neighbour;
}
// * * * * * * * * * * * * * * * * * * * * * * * * * * * * * * * * * * * * * //


8007
(
170
419
420
421
150
762
763
766
218
1389
1390
1393
769
1397
1398
1399
776
1404
1405
1406
783
1411
1412
1413
790
1417
1418
1420
1705
1706
1707
8
31
1417
1419
1421
1423
9
32
10
33
11
34
12
35
13
36
14
37
15
38
16
39
17
40
18
41
19
42
20
43
21
44
22
45
23
46
47
151
155
426
156
221
797
798
801
225
772
1424
1425
1428
779
804
1432
1433
1434
786
811
1439
1440
1441
793
818
1446
1447
1448
825
1420
1452
1453
1455
1901
1902
1904
32
56
1452
1454
1456
1458
33
57
34
58
35
59
36
60
37
61
38
62
39
63
40
64
41
65
42
66
43
67
44
68
45
69
46
70
47
71
72
233
234
235
2086
158
164
839
840
841
900
901
902
228
238
1463
1464
1465
807
846
1470
1472
1473
814
853
1478
1479
1480
821
860
1485
1486
1487
828
867
1492
1493
1494
874
1455
1498
1499
1501
2059
2060
2062
57
83
1498
1500
1502
1504
58
84
59
85
60
86
61
87
62
88
63
89
64
90
65
91
66
92
67
93
68
94
69
95
70
96
71
97
72
98
99
832
854
881
1505
1506
836
868
882
1509
1510
166
884
885
887
934
935
937
241
884
891
892
894
849
891
1514
1515
1517
856
1514
1521
1522
1524
863
1521
1528
1529
1531
870
1528
1535
1536
1538
877
1535
1542
1543
1545
1501
1542
1549
1550
1552
84
108
1549
1551
1553
1555
85
109
86
110
87
111
88
112
89
113
90
114
91
115
92
116
93
117
94
118
95
119
96
120
97
121
98
122
99
123
124
101
125
887
888
889
890
102
126
894
895
896
897
103
127
1517
1518
1519
1520
104
128
1524
1525
1526
1527
105
129
1531
1532
1533
1534
106
130
1538
1539
1540
1541
107
131
1545
1546
1547
1548
108
132
1552
1553
1554
1555
109
133
110
134
111
135
112
136
113
137
114
138
115
139
116
140
117
141
118
142
119
143
120
144
121
145
122
146
123
147
124
148
149
126
127
128
129
130
131
132
133
134
135
136
137
138
139
140
141
142
143
144
145
146
147
148
149
249
250
1137
1138
1139
1140
171
428
429
430
219
255
256
257
156
221
435
437
1306
1309
1310
1311
157
223
442
443
1335
1337
1338
1339
171
448
272
273
1167
1168
1169
1170
226
278
280
1188
1189
1190
1191
179
899
900
901
228
238
906
907
908
163
180
239
912
914
915
230
240
920
921
922
163
180
926
927
929
930
179
451
452
978
981
982
1357
1358
1359
1360
180
239
457
459
985
988
990
1368
1372
1373
1374
933
934
935
241
884
940
941
942
885
947
948
949
243
886
954
955
956
463
464
467
474
475
476
197
247
261
316
317
318
248
961
962
963
198
307
482
483
484
252
264
323
324
325
201
253
968
969
970
202
310
488
199
269
974
975
977
978
981
984
985
988
203
270
284
339
340
341
262
271
346
347
348
285
494
495
2088
206
263
274
353
354
355
207
288
497
498
2092
276
290
360
361
362
205
300
368
208
299
301
369
370
194
195
212
449
507
508
512
513
932
329
450
501
502
503
373
374
194
195
232
235
237
933
215
330
453
508
509
510
216
372
376
936
455
500
503
505
506
938
209
213
306
991
992
254
265
378
379
380
312
515
516
517
256
995
996
997
259
267
385
386
387
260
1002
1003
1004
313
521
277
291
392
393
394
266
279
523
524
525
292
529
530
2096
268
281
533
534
535
295
539
540
2097
283
296
399
400
401
211
331
405
300
333
406
306
335
408
409
216
217
456
549
550
554
555
946
331
458
543
544
545
216
217
302
305
947
332
460
550
551
552
412
415
950
462
542
545
547
548
951
1009
1010
1011
1015
1016
1019
770
1023
1024
1025
1029
1030
1033
225
772
1037
1038
1039
226
1043
1044
1047
227
774
1051
1052
1053
1058
1059
1060
1064
1065
1068
805
1072
1073
1074
1078
1079
1082
807
846
1086
1087
1088
847
1092
1093
1096
809
848
1100
1101
1102
236
237
372
500
236
237
501
2101
236
373
2105
237
375
504
2106
506
1106
1107
1110
914
915
916
1113
1114
1115
847
1120
1121
1124
242
243
841
843
844
845
940
942
943
244
849
891
1109
1110
1111
1112
244
892
954
955
957
1115
1117
1118
1119
851
893
1123
1124
1125
1126
246
303
991
305
993
254
434
1127
1128
1131
1134
1135
1138
251
253
255
762
251
435
763
1144
1145
1146
1147
258
438
764
1130
1131
1132
1133
440
1141
1142
1145
260
968
969
971
1128
1129
1130
1132
1135
1136
1137
1140
258
260
379
380
382
441
1128
1131
1132
1148
1150
1151
1153
1326
1327
1329
258
260
1015
260
269
996
997
999
1149
1150
1151
1154
1155
1156
1157
258
442
1016
1151
1152
1153
1154
445
1017
446
1148
1149
1152
1002
1004
1006
265
434
556
557
560
436
563
564
567
268
439
570
571
574
440
577
578
581
441
584
585
588
444
591
592
593
446
598
599
600
447
605
606
609
1155
1156
275
276
277
339
341
342
905
1171
1173
1174
1177
1178
1182
1183
436
1164
1165
1168
275
278
437
797
1174
1175
1176
1177
275
276
798
906
281
439
1171
1172
1175
282
799
909
360
361
363
911
1165
1166
1167
1170
919
1178
1179
1182
282
443
1064
1195
1196
1197
1198
298
444
1185
1186
1189
282
920
1065
1202
1203
1204
1205
447
1192
1193
1196
923
1066
1181
1182
1183
1184
299
924
1199
1200
1203
291
905
1206
1207
1210
489
1213
1214
1217
289
839
898
900
902
904
907
1237
1238
1239
1240
293
491
840
1221
1222
1223
295
492
1227
1228
1231
297
842
910
1209
1210
1211
1212
1220
1223
1224
1225
911
1234
1235
1238
919
1241
1242
1245
300
333
1248
1249
1250
334
1113
1256
1257
1258
297
913
915
916
917
922
1114
1272
1273
1274
1275
336
1262
1263
1266
301
924
1269
1270
1273
925
1116
1244
1245
1246
1247
1255
1258
1259
1260
1276
1277
1279
1280
1282
1283
1285
1286
304
305
412
542
304
305
543
2110
414
546
2111
547
458
1288
1289
312
612
613
616
416
620
621
622
314
417
627
628
629
313
633
634
637
314
417
645
646
647
651
652
655
658
659
662
666
667
668
319
320
321
322
967
2112
320
321
378
556
2116
319
321
323
557
1127
319
320
380
968
1128
326
971
1129
381
972
2120
327
558
2124
326
327
328
960
2556
326
327
577
1141
326
328
962
1142
327
328
578
2568
964
1143
579
2576
965
2580
490
672
673
2128
332
493
675
676
2132
335
678
679
2136
337
681
682
2137
684
685
2140
457
491
1292
1293
1294
458
689
690
691
492
696
698
2141
460
493
703
705
706
342
343
344
352
359
2145
342
343
353
392
343
344
393
497
1206
342
344
360
1207
357
363
358
395
2149
364
499
1208
349
350
351
352
359
2153
349
351
563
2157
349
350
354
564
1164
350
351
361
1165
356
565
2161
357
363
1166
365
2165
356
357
358
2169
357
358
533
1171
356
357
570
1172
356
358
534
571
2173
572
2177
1173
536
2181
363
364
365
2185
363
364
1234
363
365
364
365
495
1235
496
1236
2189
367
369
525
1276
371
526
2195
370
530
1283
2196
371
400
1279
371
401
1285
402
2627
375
376
507
375
2197
375
376
413
510
2198
511
2202
415
513
381
382
383
384
1001
2206
381
383
584
2210
382
383
385
585
381
382
1002
1005
2214
389
1006
390
586
2218
388
389
390
994
2222
389
390
598
1148
388
389
996
1149
388
390
599
2226
998
2230
999
1150
601
2234
395
396
397
398
532
2250
395
396
533
1178
395
397
539
1241
396
397
399
1179
1242
536
2253
403
538
1180
404
541
1243
402
403
404
522
2257
403
404
1199
1269
402
403
525
1200
402
404
530
1270
526
2259
528
1201
531
1271
678
991
407
684
926
1282
411
686
928
410
689
927
1288
410
690
411
692
928
701
414
415
549
414
415
551
2261
553
2264
554
716
717
720
727
728
729
422
423
424
481
960
2560
423
424
961
422
424
463
482
422
423
464
2564
465
485
2572
965
2584
487
966
470
488
429
974
431
432
433
514
994
2266
431
433
474
515
432
433
995
431
432
476
2270
477
518
2274
998
2278
520
1000
441
1298
1299
1300
438
1029
1320
1322
1324
1325
1305
1306
1307
438
443
1030
1314
1316
1317
1318
445
1031
1299
1301
1303
1304
447
1312
1313
1314
1319
1320
1321
1326
1327
1328
445
1043
1342
1343
1345
1346
445
1044
1349
1351
1352
1353
1333
1334
1335
1045
1327
1329
1331
1332
1340
1341
1342
1347
1348
1349
475
521
454
455
456
939
1361
1363
1365
1366
490
1354
1355
1358
454
457
491
840
1364
1365
1366
1367
1382
1384
1388
454
455
841
940
460
493
1361
1362
1364
461
843
943
945
1355
1356
1357
1360
461
462
953
1375
1377
1380
1381
461
1113
1292
1294
1296
1378
1379
1380
1381
1368
1369
1370
461
462
954
1115
1375
1376
1378
957
1117
958
1370
1371
1372
1374
465
469
612
465
468
2282
466
614
2286
468
469
615
619
2290
468
469
620
624
2294
618
625
471
473
633
472
635
2298
473
636
640
2302
639
643
477
480
651
478
480
658
477
478
2306
479
653
2310
479
660
2314
480
654
661
2318
657
664
485
486
487
967
2588
485
487
612
485
486
516
613
2592
486
487
517
970
614
2596
519
972
2600
973
633
734
735
2696
739
740
743
1382
1383
1384
746
747
2322
751
752
753
496
498
1213
2326
496
1214
2330
499
1215
2707
499
539
1227
2334
499
1228
2338
1229
2711
504
505
506
507
504
506
672
504
505
509
673
1354
505
506
1355
511
674
512
1356
511
512
513
512
513
550
1361
511
512
675
1362
511
513
551
676
677
1363
554
518
519
520
1001
2628
518
520
651
518
519
652
2632
519
520
1003
653
2636
1005
2640
1007
658
526
527
528
532
2686
526
527
591
2689
527
528
535
593
1185
526
528
1186
2691
537
595
2693
538
1187
531
540
1249
2342
531
1250
2344
541
1251
2730
536
537
538
2715
536
538
1192
536
537
605
2718
537
538
606
1193
2722
607
2726
1194
541
1262
2345
541
1263
2349
1264
2732
546
547
548
549
546
547
678
991
546
548
552
679
1369
547
548
992
1370
553
680
993
555
1371
553
554
555
554
555
1375
553
554
681
553
555
682
1376
683
1377
558
562
584
2352
558
561
577
1298
559
579
2356
561
562
573
580
2360
561
562
574
588
1300
575
582
1302
576
589
2364
565
569
2656
565
568
570
1305
566
572
2660
568
569
573
580
2664
568
569
581
1307
575
582
1308
583
2668
572
575
1312
572
576
605
2751
573
2755
575
576
2759
575
576
609
1313
1315
610
2763
579
582
1319
579
583
2735
580
2739
582
583
2743
582
583
1321
1323
2747
586
589
2368
586
590
598
1326
587
601
2372
589
590
603
608
2376
589
590
609
1328
610
2380
604
611
1330
594
595
2672
594
597
600
1333
595
597
606
1334
596
602
2675
596
607
2679
597
603
608
2682
604
611
1336
601
604
1340
601
602
2767
602
604
1341
603
2771
603
2775
604
2779
1344
607
610
2783
607
611
1347
608
2787
610
611
2791
610
611
1348
2795
1350
614
618
614
617
652
2384
615
2388
617
618
626
2392
617
618
627
655
631
656
2396
632
623
624
625
626
2400
624
625
623
624
716
2404
623
625
629
717
630
718
2408
2412
632
630
631
632
2799
631
632
666
630
631
668
727
2803
630
632
728
730
2807
669
2811
635
639
635
638
659
2416
636
2420
638
639
644
2424
638
639
645
662
649
663
2428
650
642
643
644
2432
642
643
647
723
648
724
2436
650
648
649
650
2815
649
650
667
648
649
668
727
2819
648
650
729
731
2823
670
2827
653
657
653
656
2440
654
2444
656
657
665
2448
656
657
666
669
2452
671
660
664
660
663
2456
661
2460
663
664
665
2464
663
664
667
670
2468
671
669
670
671
2831
669
671
670
671
669
670
2835
2839
2843
674
2700
674
675
739
2472
677
2476
677
751
2480
677
681
2484
2860
680
2704
680
682
691
2488
683
2705
683
2490
683
703
2493
2496
686
688
984
1248
688
696
1249
2847
687
701
986
2878
688
697
702
987
2498
699
989
1254
692
694
985
1368
692
695
2872
694
695
703
1369
693
701
986
694
695
702
704
987
707
990
1373
709
2873
699
1263
2849
699
700
710
1291
2500
699
700
747
1266
1293
1268
1295
711
749
1297
2879
702
2883
710
2503
707
709
1376
707
708
709
710
1291
707
708
752
1294
1378
708
709
753
2505
1296
1379
711
755
1297
2875
711
2509
758
2884
714
715
719
725
2512
714
715
720
721
2516
722
726
718
721
2520
718
722
728
719
730
2524
721
722
732
2528
721
722
2532
733
724
726
729
725
731
2536
726
732
2540
733
730
731
2888
730
733
731
733
732
2892
732
2896
733
2900
736
746
1213
2904
736
738
977
1217
737
748
979
1218
738
750
760
980
2544
761
983
2908
741
744
751
1354
741
745
2852
742
754
2856
744
745
756
760
980
744
745
981
1358
757
982
1359
761
983
748
1228
2548
748
749
1231
1383
750
1233
1385
750
758
1386
2912
759
1387
2552
754
757
1362
755
757
1364
1384
754
755
2864
756
2868
756
758
1386
757
759
1387
1367
1388
759
2916
760
2920
761
2928
2924
764
768
1015
764
767
1029
765
1017
1031
767
768
1008
1018
1032
767
768
1009
1013
1035
1014
1021
1557
1558
1559
1563
1564
1567
777
1571
1572
1573
1577
1578
1581
779
804
1585
1586
1587
805
1591
1592
1595
781
806
1599
1600
1601
1606
1607
1608
1613
1614
1615
784
1620
1621
1622
1627
1628
1629
786
811
1634
1635
1636
812
1641
1642
1643
788
813
1648
1649
1650
1655
1656
1657
1662
1663
1664
791
1669
1670
1671
1676
1677
1678
793
818
1683
1684
1685
819
1690
1691
1692
795
820
1697
1698
1699
1704
1705
1706
1711
1712
1713
1418
1718
1719
1720
1725
1726
1727
825
1420
1732
1733
1734
826
1739
1740
1741
827
1422
1746
1747
1748
799
802
1030
1064
799
803
1078
800
1066
1080
802
803
1057
1067
1081
802
803
1033
1058
1034
1061
1069
1063
1084
1753
1754
1755
1759
1760
1763
812
1767
1768
1769
1773
1774
1777
814
853
1781
1782
1783
832
854
1787
1788
1791
816
833
855
1795
1796
1797
1802
1803
1804
1809
1810
1811
819
1816
1817
1818
1823
1824
1825
821
860
1830
1831
1832
834
861
1837
1838
1839
823
835
862
1844
1845
1846
1851
1852
1853
1858
1859
1860
826
1865
1866
1867
1872
1873
1874
828
867
1879
1880
1881
836
868
1886
1887
1888
830
837
869
1893
1894
1895
1900
1901
1902
1907
1908
1909
1453
1914
1915
1916
1921
1922
1923
874
1455
1928
1929
1930
838
875
1935
1936
1937
876
1457
1942
1943
1944
1950
1951
834
1953
1954
1958
836
882
1960
1962
1963
838
1965
1966
1968
1969
842
845
1106
842
843
1113
1221
1223
1224
843
845
844
1108
1116
844
1117
845
1109
1118
1112
1973
1974
1977
1980
1981
1982
854
881
1987
1988
1991
850
851
1465
1467
1468
1469
852
856
1514
1976
1977
1978
1979
852
1515
1982
1984
1985
1986
858
1516
1990
1991
1992
1993
1995
1996
1997
2001
2003
2004
861
2009
2010
2011
857
858
1471
1473
1475
1476
859
863
1521
1994
1997
1999
2000
859
1522
2002
2004
2006
2007
865
1523
2008
2011
2013
2014
2016
2017
2018
2023
2024
2025
868
882
2030
2031
2032
864
865
1477
1480
1482
1483
866
870
1528
2015
2018
2020
2021
866
1529
2022
2025
2027
2028
872
1530
2029
2032
2034
2035
2037
2038
2039
2044
2045
2046
875
2051
2052
2053
871
872
1484
1487
1489
1490
873
877
1535
2036
2039
2041
2042
873
1536
2043
2046
2048
2049
879
1537
2050
2053
2055
2056
2058
2059
2060
2065
2066
2067
883
1499
2072
2073
2074
878
879
1491
1494
1496
1497
880
1501
1542
2057
2060
2062
2063
880
1543
2064
2067
2069
2070
1503
1544
2071
2074
2076
2077
2078
2081
886
888
941
942
944
886
889
948
949
952
890
892
955
956
959
888
889
890
894
890
896
893
895
893
896
897
1515
895
896
897
1517
897
1519
902
903
904
1216
1220
903
904
977
1217
902
904
902
903
978
1221
1224
979
1218
1226
1219
909
910
911
919
1207
1210
1211
909
911
1078
910
911
1106
909
910
921
1079
1107
923
1080
925
1108
1234
1238
1239
917
918
929
984
1248
916
917
918
1252
1255
916
918
988
1256
916
917
930
1259
931
1253
989
1254
1261
923
924
925
1179
1182
1184
1242
1245
1247
923
924
1092
923
925
1093
1120
924
925
1121
1094
1199
1203
1204
1269
1273
1274
1122
928
929
984
928
985
986
931
1282
931
1284
936
937
938
939
946
936
938
937
938
941
936
937
948
950
944
952
945
943
944
945
953
943
945
944
945
943
944
955
957
959
950
951
952
953
950
951
950
952
951
952
956
958
959
957
958
959
957
958
957
959
958
959
964
965
966
967
965
966
964
965
1134
964
966
969
1135
971
1136
973
971
972
973
971
972
1002
971
973
972
973
1003
1005
976
995
976
996
1155
998
979
983
979
982
1382
980
1385
982
983
1387
982
983
1388
986
989
986
990
987
989
990
1291
989
990
1292
1295
1296
993
993
1289
998
999
1000
1001
998
1000
998
999
999
1000
1004
1006
1007
1005
1006
1007
1005
1006
1005
1007
1006
1007
1012
1013
1014
1022
1036
1013
1014
1012
1014
1023
1389
1012
1013
1037
1390
1026
1040
1391
1042
1028
1017
1021
1017
1020
1043
1018
1045
1020
1021
1022
1046
1020
1021
1024
1027
1048
1028
1026
1027
1028
1050
1026
1028
1563
1027
1028
1026
1027
1051
1564
1054
1565
1055
1031
1035
1031
1034
1044
1032
1045
1034
1035
1036
1046
1034
1035
1038
1041
1049
1042
1040
1041
1042
1050
1040
1042
1577
1041
1042
1058
1040
1041
1052
1059
1578
1054
1579
1056
1061
1045
1048
1045
1049
1064
1046
1048
1049
1050
1048
1049
1053
1068
1055
1056
1069
1054
1055
1056
1054
1055
1591
1054
1056
1072
1592
1055
1056
1073
1593
1075
1061
1062
1063
1071
1085
1061
1063
1061
1062
1072
1424
1062
1063
1086
1425
1075
1076
1089
1426
1091
1066
1069
1066
1070
1092
1067
1094
1069
1070
1071
1095
1069
1070
1073
1075
1077
1097
1075
1076
1077
1099
1075
1076
1759
1075
1077
1076
1077
1100
1760
1103
1761
1104
1080
1084
1080
1083
1093
1463
1081
1094
1083
1084
1085
1095
1083
1084
1087
1464
1090
1098
1466
1091
1089
1090
1091
1099
1089
1091
1773
1090
1091
1973
1089
1090
1101
1774
1974
1103
1775
1105
1975
1094
1097
1094
1098
1980
1095
1097
1098
1099
1097
1098
1102
1981
1104
1105
1983
1103
1104
1105
1103
1104
1787
1103
1105
1788
1987
1104
1105
1988
1789
1989
1108
1112
1108
1111
1120
1463
1109
1122
1111
1112
1123
1111
1112
1465
1125
1467
1116
1117
1256
1258
1259
1116
1119
1121
1117
1119
1118
1122
1118
1119
1123
1126
1122
1125
1980
1122
1126
1123
1125
1126
1125
1126
1982
1984
1129
1133
1141
1298
1129
1132
1130
1143
1132
1133
1144
1132
1133
1299
1146
1301
1136
1139
1142
1136
1140
1137
1143
1139
1140
1144
1139
1140
1147
1143
1146
1319
1143
1147
1144
1146
1147
1146
1147
1320
1322
1150
1153
1340
1150
1154
1158
1151
1153
1154
1153
1154
1159
1342
1343
1160
1157
1158
1157
1160
1160
1160
1162
1277
1335
1163
1342
1345
1166
1169
1172
1305
1166
1170
1167
1173
1169
1170
1174
1169
1170
1306
1176
1309
1173
1177
1192
1173
1176
1312
1174
1176
1177
1176
1177
1196
1314
1316
1198
1180
1183
1192
1180
1184
1199
1181
1194
1201
1183
1184
1195
1202
1183
1184
1198
1204
1187
1190
1193
1334
1187
1191
1200
1276
1188
1194
1201
1190
1191
1195
1202
1190
1191
1277
1335
1197
1338
1205
1278
1194
1198
1194
1197
1347
1195
1197
1198
1197
1198
1349
1351
1201
1204
1201
1205
1279
1202
1204
1205
1204
1205
1280
1281
1208
1212
1227
1241
1208
1211
1234
1209
1229
1236
1211
1212
1230
1237
1211
1212
1245
1239
1232
1246
1215
1218
1228
1215
1219
1235
1216
1229
1236
1218
1219
1230
1237
1218
1219
1233
1240
1224
1225
1226
1230
1224
1226
1382
1225
1226
1231
1257
1383
1224
1225
1258
1232
1260
1233
1385
1229
1232
1262
1229
1233
1230
1232
1233
1232
1233
1266
1267
1236
1239
1236
1240
1237
1239
1240
1239
1240
1243
1246
1262
1243
1247
1269
1244
1264
1271
1246
1247
1265
1272
1246
1247
1267
1274
1253
1254
1282
1251
1254
1263
1251
1253
1270
1283
1252
1264
1271
1253
1254
1265
1272
1275
1284
1268
1259
1260
1261
1265
1259
1261
1292
1260
1261
1266
1293
1259
1260
1267
1268
1295
1264
1267
1264
1268
1265
1267
1268
1267
1268
1271
1274
1271
1275
1285
1272
1274
1275
1274
1275
1286
1287
1278
1279
1278
1281
1281
1281
1284
1284
1285
1287
1287
1287
1290
1368
1290
1370
1372
1295
1296
1297
1295
1296
1295
1297
1383
1296
1297
1384
1386
1301
1302
1319
1301
1304
1327
1302
1304
1313
1328
1303
1322
1303
1315
1323
1304
1317
1324
1318
1332
1308
1309
1312
1309
1311
1308
1311
1321
1310
1315
1323
1310
1316
1311
1317
1324
1325
1315
1316
1315
1318
1348
1316
1318
1349
1317
1317
1318
1353
1322
1323
1322
1325
1323
1325
1324
1324
1325
1329
1330
1340
1329
1332
1330
1332
1348
1331
1343
1331
1344
1350
1332
1346
1352
1353
1336
1337
1341
1336
1338
1347
1337
1338
1339
1344
1350
1339
1345
1339
1351
1346
1352
1343
1344
1344
1345
1343
1345
1346
1346
1346
1350
1351
1350
1353
1351
1353
1352
1352
1353
1356
1359
1362
1356
1360
1357
1363
1359
1360
1365
1359
1360
1367
1363
1366
1375
1363
1367
1365
1366
1367
1378
1366
1367
1381
1372
1373
1371
1373
1376
1371
1372
1374
1377
1374
1374
1379
1380
1377
1381
1377
1379
1380
1379
1381
1380
1381
1385
1388
1385
1386
1386
1388
1387
1387
1388
1391
1395
1563
1391
1394
1577
1392
1565
1579
1394
1395
1556
1566
1580
1394
1395
1557
1561
1583
1562
1569
1400
1401
1402
1605
1612
1626
1401
1402
1606
1400
1402
1558
1613
1400
1401
1559
1627
1560
1616
1630
1610
1632
1611
1618
1407
1408
1409
1654
1661
1675
1408
1409
1655
1407
1409
1607
1662
1407
1408
1608
1676
1609
1665
1679
1659
1681
1660
1667
1414
1415
1416
1703
1710
1724
1415
1416
1704
1414
1416
1656
1711
1414
1415
1657
1725
1658
1714
1728
1708
1730
1709
1716
1419
1421
1419
1422
1718
1720
1721
1423
1421
1422
1732
1734
1735
1423
1452
1423
1453
1746
1747
1749
1454
1426
1429
1578
1759
1426
1430
1773
1427
1761
1775
1429
1430
1752
1762
1776
1429
1430
1581
1753
1582
1756
1764
1758
1779
1435
1436
1437
1801
1808
1822
1435
1437
1628
1802
1435
1436
1629
1754
1809
1436
1437
1755
1823
1631
1805
1812
1757
1813
1826
1807
1828
1442
1443
1444
1850
1857
1871
1442
1444
1677
1851
1442
1443
1678
1803
1858
1443
1444
1804
1872
1680
1854
1861
1806
1862
1875
1856
1877
1449
1450
1451
1899
1906
1920
1449
1451
1726
1900
1449
1450
1727
1852
1907
1450
1451
1853
1921
1729
1903
1910
1855
1911
1924
1905
1926
1454
1456
1454
1457
1914
1916
1918
1458
1456
1457
1928
1930
1931
1458
1498
1458
1499
1942
1943
1945
1500
1765
1949
1952
1461
1811
1948
1958
1814
1957
1959
1860
1956
1962
1466
1467
1980
1466
1469
1973
1467
1469
1468
1975
1983
1468
1984
1469
1976
1985
1979
1474
1475
1774
1974
2001
1474
1475
1476
1994
2002
1474
1476
1777
1995
1475
1476
1977
1778
1998
2005
1978
2006
2000
1481
1482
1483
2015
2022
1481
1483
1824
2016
1481
1482
1825
1996
2023
1482
1483
1997
1827
2019
2026
1999
2027
2021
1488
1489
1490
2036
2043
1488
1490
1873
2037
1488
1489
1874
2017
2044
1489
1490
2018
1876
2040
2047
2020
2048
2042
1495
1496
1497
2057
2064
1495
1497
1922
2058
1495
1496
1923
2038
2065
1496
1497
2039
1925
2061
2068
2041
2069
2063
1500
1502
1500
1503
2072
2074
2076
1504
1502
1503
1504
1549
1504
1550
1551
1507
1951
2003
2079
1507
2004
2078
2007
2080
2028
2082
1511
1963
2045
2083
1511
2046
2081
2049
2085
1513
2067
2084
2070
1516
1518
1516
1519
1520
1522
1518
1519
1520
1524
1520
1526
1523
1525
1523
1526
1527
1529
1525
1526
1527
1531
1527
1533
1530
1532
1530
1533
1534
1536
1532
1533
1534
1538
1534
1540
1537
1539
1537
1540
1541
1543
1539
1540
1541
1545
1541
1547
1544
1546
1544
1547
1548
1550
1546
1547
1548
1552
1548
1554
1551
1553
1551
1554
1555
1553
1554
1555
1555
1560
1561
1562
1570
1584
1561
1562
1560
1562
1571
1560
1561
1585
1574
1588
1590
1576
1565
1569
1565
1568
1591
1566
1593
1568
1569
1570
1594
1568
1569
1572
1575
1596
1576
1574
1575
1576
1598
1574
1576
1613
1575
1576
1574
1575
1599
1615
1602
1616
1603
1579
1583
1579
1582
1592
1580
1593
1582
1583
1584
1594
1582
1583
1586
1589
1597
1590
1588
1589
1590
1598
1588
1590
1627
1589
1590
1753
1588
1589
1600
1629
1754
1602
1630
1604
1756
1593
1596
1593
1597
1759
1594
1596
1597
1598
1596
1597
1601
1763
1603
1604
1764
1602
1603
1604
1602
1603
1641
1602
1604
1642
1767
1603
1604
1768
1644
1770
1609
1610
1611
1619
1633
1610
1611
1609
1611
1620
1609
1610
1634
1623
1637
1639
1625
1616
1617
1618
1619
1640
1616
1618
1617
1618
1621
1616
1617
1641
1644
1624
1645
1625
1623
1624
1625
1647
1623
1625
1662
1624
1625
1623
1624
1648
1664
1651
1665
1652
1630
1631
1632
1633
1640
1630
1632
1631
1632
1635
1630
1631
1642
1644
1638
1646
1639
1637
1638
1639
1647
1637
1639
1676
1638
1639
1802
1637
1638
1649
1678
1803
1651
1679
1653
1805
1644
1645
1646
1647
1644
1645
1644
1646
1809
1645
1646
1650
1810
1652
1653
1812
1651
1652
1653
1651
1652
1690
1651
1653
1691
1816
1652
1653
1817
1693
1819
1658
1659
1660
1668
1682
1659
1660
1658
1660
1669
1658
1659
1683
1672
1686
1688
1674
1665
1666
1667
1668
1689
1665
1667
1666
1667
1670
1665
1666
1690
1693
1673
1694
1674
1672
1673
1674
1696
1672
1674
1711
1673
1674
1672
1673
1697
1713
1700
1714
1701
1679
1680
1681
1682
1689
1679
1681
1680
1681
1684
1679
1680
1691
1693
1687
1695
1688
1686
1687
1688
1696
1686
1688
1725
1687
1688
1851
1686
1687
1698
1727
1852
1700
1728
1702
1854
1693
1694
1695
1696
1693
1694
1693
1695
1858
1694
1695
1699
1859
1701
1702
1861
1700
1701
1702
1700
1701
1739
1700
1702
1740
1865
1701
1702
1866
1742
1868
1707
1708
1709
1717
1731
1708
1709
1707
1709
1718
1707
1708
1732
1721
1735
1737
1723
1714
1715
1716
1717
1738
1714
1716
1715
1716
1719
1714
1715
1739
1742
1722
1743
1723
1721
1722
1723
1745
1721
1723
1722
1723
1721
1722
1746
1749
1750
1728
1729
1730
1731
1738
1728
1730
1729
1730
1733
1728
1729
1740
1742
1736
1744
1737
1735
1736
1737
1745
1735
1737
1736
1737
1900
1735
1736
1747
1901
1749
1751
1903
1742
1743
1744
1745
1742
1743
1742
1744
1907
1743
1744
1748
1908
1750
1751
1910
1749
1750
1751
1749
1750
1749
1751
1914
1750
1751
1915
1917
1756
1757
1758
1766
1780
1756
1758
1756
1757
1767
1757
1758
1781
1770
1771
1784
1786
1761
1764
1761
1765
1787
1762
1789
1764
1765
1766
1790
1764
1765
1768
1770
1772
1792
1770
1771
1772
1794
1770
1771
1809
1770
1772
1771
1772
1795
1811
1948
1798
1813
1799
1949
1775
1779
1775
1778
1788
1776
1789
1778
1779
1780
1790
1778
1779
1782
1785
1793
1786
1784
1785
1786
1794
1784
1786
1823
1785
1786
1995
1784
1785
1796
1825
1996
1798
1826
1800
1998
1789
1792
1950
1789
1793
2001
1790
1792
1793
1794
1792
1793
1797
1951
2003
1799
1952
1800
2005
1798
1799
1800
1798
1799
1837
1953
1798
1800
1838
2009
1799
1800
1954
2010
1840
1955
2012
1805
1806
1807
1815
1829
1805
1807
1805
1806
1816
1806
1807
1830
1819
1820
1833
1835
1812
1813
1814
1815
1836
1812
1813
1812
1814
1817
1813
1814
1837
1819
1840
1821
1841
1819
1820
1821
1843
1819
1820
1858
1819
1821
1820
1821
1844
1860
1956
1847
1862
1848
1957
1826
1827
1828
1829
1836
1826
1828
1827
1828
1831
1826
1827
1838
1840
1834
1842
1835
1833
1834
1835
1843
1833
1835
1872
1834
1835
2016
1833
1834
1845
1874
2017
1847
1875
1849
2019
1840
1841
1842
1843
1840
1841
1958
1840
1842
2023
1841
1842
1846
2024
1848
1959
1849
2026
1847
1848
1849
1847
1848
1886
1960
1847
1849
1887
2030
1848
1849
2031
1889
1961
2033
1854
1855
1856
1864
1878
1854
1856
1854
1855
1865
1855
1856
1879
1868
1869
1882
1884
1861
1862
1863
1864
1885
1861
1862
1861
1863
1866
1862
1863
1886
1868
1889
1870
1890
1868
1869
1870
1892
1868
1869
1907
1868
1870
1869
1870
1893
1909
1896
1911
1897
1875
1876
1877
1878
1885
1875
1877
1876
1877
1880
1875
1876
1887
1889
1883
1891
1884
1882
1883
1884
1892
1882
1884
1921
1883
1884
2037
1882
1883
1894
1923
2038
1896
1924
1898
2040
1889
1890
1891
1892
1889
1890
1962
1889
1891
2044
1890
1891
1895
1963
2045
1897
1964
1898
2047
1896
1897
1898
1896
1897
1935
1965
1896
1898
1936
2051
1897
1898
1966
2052
1938
1967
2054
1903
1904
1905
1913
1927
1903
1905
1903
1904
1914
1904
1905
1928
1917
1918
1931
1933
1910
1911
1912
1913
1934
1910
1911
1910
1912
1915
1911
1912
1935
1917
1938
1919
1939
1917
1918
1919
1941
1917
1918
1917
1919
1918
1919
1942
1945
1946
1924
1925
1926
1927
1934
1924
1926
1925
1926
1929
1924
1925
1936
1938
1932
1940
1933
1931
1932
1933
1941
1931
1933
1932
1933
2058
1931
1932
1943
2059
1945
1947
2061
1938
1939
1940
1941
1938
1939
1968
1938
1940
2065
1939
1940
1944
1969
2066
1946
1970
1947
2068
1945
1946
1947
1945
1946
1945
1947
2072
1946
1947
1971
2073
1972
2075
1949
1953
1955
1952
1952
1954
1955
1955
1958
1955
2079
1957
1960
1961
1959
1961
1961
1962
1964
1964
1966
1967
1967
1968
1967
2083
1970
1970
1971
1972
1972
1975
1979
1975
1978
1987
1976
1989
1978
1979
1990
1978
1979
1992
1983
1984
1983
1986
1988
1984
1986
1985
1989
1985
1986
1990
1993
1989
1992
2001
1989
1993
1990
1992
1993
1992
1993
2004
2078
2006
1998
1999
2000
2008
1998
2000
1998
1999
2009
1999
2000
2012
2013
2005
2006
2005
2006
2007
2008
2005
2007
2010
2006
2007
2012
2014
2012
2013
2014
2012
2013
2023
2012
2014
2079
2013
2014
2025
2027
2080
2019
2020
2021
2029
2019
2021
2019
2020
2030
2020
2021
2033
2034
2026
2027
2028
2029
2026
2027
2026
2028
2031
2027
2028
2033
2035
2033
2034
2035
2033
2034
2044
2033
2035
2034
2035
2046
2081
2048
2082
2040
2041
2042
2050
2040
2042
2040
2041
2051
2041
2042
2054
2055
2047
2048
2049
2050
2047
2048
2047
2049
2052
2048
2049
2054
2056
2054
2055
2056
2054
2055
2065
2054
2056
2083
2055
2056
2067
2084
2069
2085
2061
2062
2063
2071
2061
2063
2061
2062
2072
2062
2063
2075
2076
2068
2069
2070
2071
2068
2069
2068
2070
2073
2069
2070
2075
2077
2075
2076
2077
2075
2076
2075
2077
2076
2077
2080
2082
2085
2085
2087
2101
2105
2102
2089
2326
2330
2696
2090
2327
2331
2697
2091
2328
2332
2698
2329
2333
2699
2093
2097
2322
2334
2338
2094
2098
2323
2335
2339
2095
2099
2324
2336
2340
2100
2325
2337
2341
2140
2342
2343
2344
2098
2141
2345
2349
2099
2142
2346
2349
2100
2143
2347
2350
2144
2348
2351
2102
2106
2700
2103
2107
2701
2104
2108
2702
2109
2703
2106
2197
2107
2202
2476
2108
2203
2477
2109
2204
2478
2205
2479
2111
2704
2264
2265
2705
2706
2113
2120
2124
2556
2588
2114
2121
2125
2557
2589
2115
2122
2126
2558
2590
2123
2127
2559
2591
2117
2120
2124
2210
2352
2118
2121
2125
2211
2353
2119
2122
2126
2212
2354
2123
2127
2213
2355
2121
2214
2600
2122
2215
2601
2123
2216
2602
2217
2603
2125
2356
2576
2126
2357
2577
2127
2358
2578
2359
2579
2129
2472
2700
2852
2130
2473
2701
2853
2131
2474
2702
2854
2475
2703
2855
2133
2137
2480
2484
2864
2134
2137
2481
2485
2865
2135
2138
2482
2486
2866
2139
2483
2487
2867
2488
2489
2704
2872
2138
2490
2493
2505
2506
2139
2491
2494
2507
2492
2495
2508
2847
2848
2878
2142
2322
2849
2879
2143
2323
2849
2880
2144
2324
2850
2881
2325
2851
2882
2146
2149
2169
2185
2711
2147
2150
2170
2186
2712
2148
2151
2171
2187
2713
2152
2172
2188
2714
2150
2181
2253
2334
2151
2182
2254
2335
2152
2183
2255
2336
2184
2256
2337
2154
2161
2165
2169
2185
2155
2162
2166
2170
2186
2156
2163
2167
2171
2187
2164
2168
2172
2188
2158
2161
2165
2656
2159
2162
2166
2657
2160
2163
2167
2658
2164
2168
2659
2162
2177
2660
2163
2178
2661
2164
2179
2662
2180
2663
2166
2189
2167
2190
2168
2191
2192
2170
2177
2181
2171
2178
2182
2172
2179
2183
2180
2184
2174
2177
2181
2718
2751
2175
2178
2182
2719
2752
2176
2179
2183
2720
2753
2180
2184
2721
2754
2178
2755
2179
2756
2180
2757
2758
2182
2722
2183
2723
2184
2724
2725
2186
2189
2707
2187
2190
2708
2188
2191
2709
2192
2710
2190
2330
2191
2331
2192
2332
2333
2194
2195
2238
2239
2689
2195
2240
2690
2627
2691
2692
2344
2627
2202
2199
2202
2261
2484
2200
2203
2261
2485
2201
2204
2262
2486
2205
2263
2487
2203
2860
2204
2861
2205
2862
2863
2207
2214
2218
2222
2628
2208
2215
2219
2223
2629
2209
2216
2220
2224
2630
2217
2221
2225
2631
2211
2214
2218
2368
2212
2215
2219
2369
2213
2216
2220
2370
2217
2221
2371
2215
2640
2216
2641
2217
2642
2643
2219
2234
2372
2220
2235
2373
2221
2236
2374
2237
2375
2223
2230
2234
2266
2224
2231
2235
2267
2225
2232
2236
2268
2233
2237
2269
2227
2230
2234
2767
2228
2231
2235
2616
2768
2229
2232
2236
2617
2769
2233
2237
2618
2770
2231
2278
2619
2232
2279
2620
2233
2280
2621
2281
2622
2235
2771
2236
2772
2237
2773
2774
2239
2241
2672
2240
2242
2673
2243
2674
2242
2247
2676
2243
2248
2677
2249
2678
2245
2247
2616
2768
2246
2248
2617
2769
2249
2618
2770
2248
2776
2249
2777
2778
2251
2253
2254
2257
2715
2732
2252
2255
2257
2716
2733
2256
2258
2717
2734
2254
2345
2722
2255
2346
2723
2256
2347
2724
2348
2725
2258
2259
2686
2687
2730
2260
2688
2731
2260
2344
2627
2691
2344
2627
2692
2262
2264
2490
2263
2264
2491
2265
2492
2265
2496
2497
2267
2274
2278
2628
2268
2275
2279
2629
2269
2276
2280
2630
2277
2281
2631
2271
2274
2278
2306
2272
2275
2279
2307
2613
2273
2276
2280
2308
2614
2277
2281
2309
2615
2275
2310
2636
2276
2311
2637
2277
2312
2638
2313
2639
2279
2623
2280
2624
2281
2625
2626
2283
2286
2294
2564
2284
2287
2295
2565
2285
2288
2296
2566
2289
2297
2567
2287
2290
2388
2572
2288
2291
2389
2573
2289
2292
2390
2574
2293
2391
2575
2291
2294
2392
2400
2292
2295
2393
2401
2293
2296
2394
2402
2297
2395
2403
2295
2412
2296
2413
2297
2414
2415
2299
2302
2420
2300
2303
2421
2604
2301
2304
2422
2605
2305
2423
2606
2303
2424
2432
2304
2425
2433
2305
2426
2434
2427
2435
2307
2310
2314
2308
2311
2315
2644
2309
2312
2316
2645
2313
2317
2646
2311
2318
2444
2312
2319
2445
2313
2320
2446
2321
2447
2315
2318
2460
2316
2319
2461
2647
2317
2320
2462
2648
2321
2463
2649
2319
2448
2464
2320
2449
2465
2321
2450
2466
2451
2467
2323
2548
2912
2324
2549
2913
2325
2550
2914
2551
2915
2327
2338
2707
2904
2328
2339
2708
2905
2329
2340
2709
2906
2341
2710
2907
2331
2707
2332
2708
2333
2709
2710
2335
2345
2711
2336
2346
2712
2337
2347
2713
2348
2714
2339
2548
2711
2340
2549
2712
2341
2550
2713
2551
2714
2343
2349
2350
2730
2847
2351
2731
2848
2730
2731
2346
2732
2347
2732
2348
2733
2734
2350
2732
2849
2351
2733
2850
2734
2851
2353
2356
2364
2368
2354
2357
2365
2369
2355
2358
2366
2370
2359
2367
2371
2357
2360
2739
2358
2361
2740
2359
2362
2741
2363
2742
2361
2364
2743
2759
2362
2365
2744
2760
2363
2366
2745
2761
2367
2746
2762
2365
2380
2763
2366
2381
2764
2367
2382
2765
2383
2766
2369
2372
2380
2370
2373
2381
2371
2374
2382
2375
2383
2373
2376
2771
2374
2377
2772
2375
2378
2773
2379
2774
2377
2380
2779
2791
2378
2381
2780
2792
2379
2382
2781
2793
2383
2782
2794
2381
2795
2382
2796
2383
2797
2798
2385
2388
2396
2440
2592
2386
2389
2397
2441
2593
2387
2390
2398
2442
2594
2391
2399
2443
2595
2389
2392
2596
2390
2393
2597
2391
2394
2598
2395
2599
2393
2396
2799
2394
2397
2800
2395
2398
2801
2399
2802
2397
2452
2811
2398
2453
2812
2399
2454
2813
2455
2814
2401
2408
2412
2799
2402
2409
2413
2800
2403
2410
2414
2801
2411
2415
2802
2405
2408
2412
2520
2406
2409
2413
2521
2407
2410
2414
2522
2411
2415
2523
2409
2524
2807
2410
2525
2808
2411
2526
2809
2527
2810
2413
2414
2415
2417
2420
2428
2456
2418
2421
2429
2457
2607
2419
2422
2430
2458
2608
2423
2431
2459
2609
2421
2424
2422
2425
2610
2423
2426
2611
2427
2612
2425
2428
2815
2426
2429
2816
2427
2430
2817
2431
2818
2429
2468
2827
2430
2469
2828
2431
2470
2829
2471
2830
2433
2436
2815
2434
2437
2816
2435
2438
2817
2439
2818
2437
2536
2823
2438
2537
2824
2439
2538
2825
2539
2826
2441
2444
2452
2632
2442
2445
2453
2633
2443
2446
2454
2634
2447
2455
2635
2445
2448
2636
2446
2449
2637
2447
2450
2638
2451
2639
2449
2452
2831
2450
2453
2832
2451
2454
2833
2455
2834
2453
2839
2454
2840
2455
2841
2842
2457
2460
2468
2458
2461
2469
2650
2459
2462
2470
2651
2463
2471
2652
2461
2464
2462
2465
2653
2463
2466
2654
2467
2655
2465
2468
2831
2466
2469
2832
2467
2470
2833
2471
2834
2469
2843
2470
2844
2471
2845
2846
2473
2476
2480
2856
2474
2477
2481
2857
2475
2478
2482
2858
2479
2483
2859
2477
2700
2860
2478
2701
2861
2479
2702
2862
2703
2863
2481
2860
2868
2482
2861
2869
2483
2862
2870
2863
2871
2485
2490
2860
2486
2490
2861
2487
2491
2862
2492
2863
2489
2493
2494
2705
2873
2495
2706
2874
2491
2496
2492
2496
2497
2494
2496
2875
2495
2496
2876
2497
2877
2497
2705
2706
2499
2500
2501
2503
2847
2878
2502
2504
2848
2878
2501
2509
2849
2879
2880
2502
2510
2850
2881
2511
2851
2882
2504
2509
2510
2873
2883
2511
2874
2883
2506
2864
2875
2884
2507
2865
2875
2885
2508
2866
2876
2886
2867
2877
2887
2510
2875
2884
2885
2511
2876
2886
2877
2887
2513
2516
2528
2540
2514
2517
2529
2541
2515
2518
2530
2542
2519
2531
2543
2517
2532
2518
2533
2519
2534
2535
2521
2524
2532
2522
2525
2533
2523
2526
2534
2527
2535
2525
2528
2892
2526
2529
2893
2527
2530
2894
2531
2895
2529
2532
2900
2530
2533
2901
2531
2534
2902
2535
2903
2533
2534
2535
2537
2540
2896
2538
2541
2897
2539
2542
2898
2543
2899
2541
2900
2542
2901
2543
2902
2903
2545
2552
2904
2908
2928
2546
2553
2905
2909
2929
2547
2554
2906
2910
2930
2555
2907
2911
2931
2549
2552
2904
2550
2553
2905
2551
2554
2906
2555
2907
2553
2912
2920
2554
2913
2921
2555
2914
2922
2915
2923
2557
2560
2576
2580
2558
2561
2577
2581
2559
2562
2578
2582
2563
2579
2583
2561
2572
2584
2588
2562
2573
2585
2589
2563
2574
2586
2590
2575
2587
2591
2565
2572
2584
2566
2573
2585
2567
2574
2586
2575
2587
2569
2576
2580
2735
2570
2577
2581
2736
2571
2578
2582
2737
2579
2583
2738
2573
2596
2574
2597
2575
2598
2599
2577
2739
2578
2740
2579
2741
2742
2581
2584
2582
2585
2583
2586
2587
2585
2586
2587
2589
2596
2600
2590
2597
2601
2591
2598
2602
2599
2603
2593
2596
2600
2632
2594
2597
2601
2633
2595
2598
2602
2634
2599
2603
2635
2597
2598
2599
2601
2640
2602
2641
2603
2642
2643
2605
2610
2606
2611
2612
2608
2610
2650
2609
2611
2651
2612
2652
2611
2612
2614
2624
2644
2615
2625
2645
2626
2646
2617
2620
2618
2621
2622
2620
2623
2621
2624
2622
2625
2626
2624
2625
2626
2629
2636
2640
2630
2637
2641
2631
2638
2642
2639
2643
2633
2636
2640
2634
2637
2641
2635
2638
2642
2639
2643
2637
2638
2639
2641
2642
2643
2645
2647
2646
2648
2649
2648
2653
2649
2654
2655
2651
2653
2652
2654
2655
2654
2655
2657
2660
2668
2658
2661
2669
2659
2662
2670
2663
2671
2661
2664
2755
2662
2665
2756
2663
2666
2757
2667
2758
2665
2668
2743
2759
2666
2669
2744
2760
2667
2670
2745
2761
2671
2746
2762
2669
2747
2670
2748
2671
2749
2750
2673
2675
2676
2679
2689
2674
2677
2680
2689
2678
2681
2690
2676
2682
2775
2677
2683
2776
2678
2684
2777
2685
2778
2680
2682
2683
2693
2787
2788
2681
2684
2694
2789
2685
2695
2790
2683
2779
2791
2684
2780
2792
2685
2781
2793
2782
2794
2687
2691
2693
2715
2688
2691
2694
2716
2692
2695
2717
2690
2691
2693
2694
2692
2695
2692
2694
2726
2727
2695
2728
2729
2697
2904
2908
2698
2905
2909
2699
2906
2910
2907
2911
2701
2702
2703
2705
2706
2706
2708
2711
2709
2712
2710
2713
2714
2712
2713
2714
2716
2722
2723
2726
2727
2717
2724
2728
2725
2729
2719
2722
2726
2783
2720
2723
2727
2784
2721
2724
2728
2785
2725
2729
2786
2723
2724
2725
2727
2787
2728
2788
2729
2789
2790
2731
2732
2733
2734
2733
2734
2736
2739
2747
2737
2740
2748
2738
2741
2749
2742
2750
2740
2743
2741
2744
2742
2745
2746
2744
2747
2745
2748
2746
2749
2750
2748
2749
2750
2752
2755
2763
2783
2753
2756
2764
2784
2754
2757
2765
2785
2758
2766
2786
2756
2759
2757
2760
2758
2761
2762
2760
2763
2761
2764
2762
2765
2766
2764
2795
2765
2796
2766
2797
2798
2768
2771
2775
2769
2772
2776
2770
2773
2777
2774
2778
2772
2779
2773
2780
2774
2781
2782
2776
2779
2777
2780
2778
2781
2782
2780
2781
2782
2784
2787
2795
2785
2788
2796
2786
2789
2797
2790
2798
2788
2791
2789
2792
2790
2793
2794
2792
2795
2793
2796
2794
2797
2798
2796
2797
2798
2800
2807
2811
2801
2808
2812
2802
2809
2813
2810
2814
2804
2807
2811
2835
2888
2805
2808
2812
2836
2889
2806
2809
2813
2837
2890
2810
2814
2838
2891
2808
2892
2809
2893
2810
2894
2895
2812
2839
2813
2840
2814
2841
2842
2816
2823
2827
2817
2824
2828
2818
2825
2829
2826
2830
2820
2823
2827
2835
2888
2821
2824
2828
2836
2889
2822
2825
2829
2837
2890
2826
2830
2838
2891
2824
2896
2825
2897
2826
2898
2899
2828
2843
2829
2844
2830
2845
2846
2832
2839
2843
2833
2840
2844
2834
2841
2845
2842
2846
2836
2839
2843
2837
2840
2844
2838
2841
2845
2842
2846
2840
2841
2842
2844
2845
2846
2848
2849
2850
2851
2850
2851
2853
2856
2924
2854
2857
2925
2855
2858
2926
2859
2927
2857
2868
2928
2858
2869
2929
2859
2870
2930
2871
2931
2861
2862
2863
2865
2868
2916
2866
2869
2917
2867
2870
2918
2871
2919
2869
2920
2870
2921
2871
2922
2923
2873
2874
2883
2874
2875
2876
2877
2876
2877
2883
2880
2884
2912
2881
2885
2913
2882
2886
2914
2887
2915
2885
2916
2886
2917
2887
2918
2919
2889
2892
2896
2890
2893
2897
2891
2894
2898
2895
2899
2893
2900
2894
2901
2895
2902
2903
2897
2900
2898
2901
2899
2902
2903
2901
2902
2903
2905
2906
2907
2909
2924
2910
2925
2911
2926
2927
2913
2916
2914
2917
2915
2918
2919
2917
2920
2918
2921
2919
2922
2923
2921
2928
2922
2929
2923
2930
2931
2925
2928
2926
2929
2927
2930
2931
2929
2930
2931
)


// ************************************************************************* //
