/*--------------------------------*- C++ -*----------------------------------*\
| =========                 |                                                 |
| \\      /  F ield         | OpenFOAM: The Open Source CFD Toolbox           |
|  \\    /   O peration     | Version:  2.3.x                                 |
|   \\  /    A nd           | Web:      www.OpenFOAM.org                      |
|    \\/     M anipulation  |                                                 |
\*---------------------------------------------------------------------------*/
FoamFile
{
    version     2.0;
    format      ascii;
    class       labelList;
    note        "nPoints: 4148 nCells: 2931 nFaces: 9916 nInternalFaces: 7863";
    location    "constant/polyMesh";
    object      neighbour;
}
// * * * * * * * * * * * * * * * * * * * * * * * * * * * * * * * * * * * * * //


7863
(
28
626
627
628
30
633
634
635
33
639
640
20
31
188
189
21
34
191
192
22
36
194
40
647
648
649
1022
44
654
655
656
1026
24
45
71
72
1032
25
52
74
75
1036
23
26
77
1040
923
924
926
945
946
47
923
930
931
933
968
969
971
54
930
937
938
940
996
997
999
15
17
926
927
928
929
16
18
933
934
935
936
19
940
941
942
943
18
19
29
213
214
32
216
217
35
219
220
53
78
79
1041
41
81
82
1042
46
84
85
1046
53
87
88
1050
57
661
662
663
31
229
230
233
668
669
670
239
240
243
34
246
247
250
675
676
677
256
257
260
36
263
264
267
270
271
61
90
273
274
62
95
276
277
63
101
279
280
682
683
684
1052
45
293
294
297
1056
47
923
949
950
951
49
925
959
960
963
689
690
691
1060
307
308
311
1064
52
314
315
318
1068
967
968
969
54
930
974
975
976
931
980
981
984
56
932
987
988
991
321
322
325
1072
328
329
332
1076
335
336
337
1080
995
996
997
937
1001
1002
1005
938
1008
1009
1012
939
1015
1016
1017
65
108
156
157
1086
66
119
159
160
1090
67
140
162
163
1094
92
342
343
98
345
346
104
348
349
147
165
166
1098
112
168
169
1101
126
171
172
1105
148
174
175
1109
155
323
70
156
289
1116
158
290
73
159
307
1120
73
82
308
161
309
76
162
328
1124
76
85
329
164
330
79
88
80
165
335
1128
80
337
167
338
83
168
293
1129
83
294
170
295
86
171
314
1133
86
315
173
316
89
174
336
1137
89
337
176
339
92
351
352
355
94
178
363
364
365
369
370
373
96
223
377
378
379
224
384
385
386
98
390
391
394
180
398
399
400
100
181
405
406
407
411
412
415
102
237
419
420
421
238
426
427
428
104
432
433
436
183
440
441
442
106
184
447
448
449
453
454
457
107
254
461
462
463
255
468
469
470
185
474
475
112
477
478
481
1146
110
114
478
479
480
483
956
115
195
488
490
493
494
957
117
197
489
490
491
1150
495
496
499
1154
114
118
120
294
295
296
299
959
115
496
497
498
501
961
118
282
509
511
514
515
962
123
284
503
504
505
1158
286
510
511
512
1162
125
287
502
505
507
508
964
126
516
517
520
1166
121
125
308
309
310
313
980
122
128
517
518
519
522
982
125
129
199
530
532
535
536
983
201
524
525
526
1170
131
203
531
532
533
1174
204
523
526
528
529
985
537
538
541
1178
128
132
141
315
316
317
320
987
129
538
539
540
543
989
132
300
551
553
556
557
990
144
302
545
546
547
1182
304
552
553
554
1186
146
305
544
547
549
550
992
147
558
559
562
1190
135
139
322
323
324
327
1001
136
150
559
560
561
564
1003
139
152
206
572
574
577
578
1004
207
566
567
568
1194
153
210
573
574
575
1198
212
565
568
570
571
1007
148
579
580
583
1202
142
146
329
330
331
334
1008
143
151
580
581
582
585
1010
146
152
206
593
595
598
599
1011
208
587
588
589
1206
153
210
594
595
596
1210
211
586
589
591
592
1013
600
601
604
1214
607
608
611
1217
150
151
337
338
339
340
1015
152
601
602
603
606
1018
152
608
609
610
613
1019
614
617
619
620
1020
615
616
617
1221
155
166
559
560
158
477
1228
158
169
478
479
161
516
1232
161
172
517
518
164
579
1236
164
175
580
581
167
600
1246
167
601
602
170
495
1248
170
496
497
173
537
1252
173
538
539
176
607
1256
176
608
609
222
696
697
698
224
706
707
710
236
714
715
716
223
720
721
724
238
727
728
731
253
735
736
737
237
741
742
745
255
748
749
752
254
755
756
187
225
273
226
275
2510
190
239
276
190
214
240
2525
241
278
2530
193
256
279
193
217
257
2545
258
281
2549
220
270
2563
198
282
769
771
772
774
944
283
759
760
761
1260
286
769
770
773
1264
288
758
761
762
764
947
204
205
300
790
792
793
795
966
301
777
778
779
1268
284
783
784
787
1272
204
205
285
646
649
650
652
967
304
790
791
794
1276
287
784
785
786
788
970
306
776
779
780
782
972
211
212
811
814
815
816
994
797
798
801
1280
302
804
805
808
1284
211
212
303
653
656
657
659
995
811
812
813
1288
305
805
806
807
809
998
798
799
800
803
1000
215
229
342
215
230
2584
231
344
2589
218
246
345
218
247
2604
248
347
2608
221
263
348
221
264
2622
265
350
2626
819
820
821
825
826
829
832
833
836
226
228
351
227
353
1294
228
354
358
1298
357
361
231
235
369
231
234
240
1302
232
371
1306
234
235
372
376
1310
234
235
243
377
244
381
1314
375
382
840
841
842
846
847
850
853
854
857
241
245
390
241
244
1318
242
392
1322
244
245
393
397
1326
244
245
398
402
1330
396
403
248
252
411
248
251
257
1334
249
413
1338
251
252
414
418
1342
251
252
260
419
261
423
1346
417
424
861
862
863
867
868
871
874
875
878
258
262
432
258
261
1350
259
434
1354
261
262
435
439
1358
261
262
440
444
1362
438
445
265
269
453
265
268
270
1366
266
455
1370
268
269
456
460
1374
268
269
271
461
272
465
1378
459
466
272
1382
272
474
476
1386
275
351
275
343
352
2515
353
2520
278
390
278
346
391
2535
392
2540
281
432
281
349
433
2554
434
2558
287
288
895
897
898
900
948
882
883
884
1395
888
889
892
1399
287
288
681
684
685
687
949
895
896
899
1403
889
890
891
893
952
881
884
885
887
954
290
292
477
1407
291
479
292
480
484
482
486
1411
295
298
495
1415
295
299
308
296
497
298
299
498
502
298
299
311
503
1419
500
506
1423
313
508
305
306
916
918
919
921
973
903
904
905
1427
909
910
913
1431
305
306
688
691
692
694
974
916
917
920
1435
910
911
912
914
977
902
905
906
908
979
309
312
516
1439
309
313
310
518
312
313
519
523
312
313
524
1443
521
527
1447
529
316
319
537
1451
316
320
329
317
539
319
320
540
544
319
320
332
545
1455
542
548
1459
334
550
323
326
558
1463
323
327
324
560
326
327
561
565
326
327
566
1467
563
569
1471
571
330
333
579
1475
330
334
331
581
333
334
582
586
333
334
587
1479
584
590
1483
592
338
341
600
1487
339
341
607
1489
338
339
340
602
340
609
341
603
610
605
612
1492
344
369
344
370
2594
371
2599
347
411
347
412
2613
413
2617
350
453
350
454
2631
455
2635
353
357
353
356
370
1501
354
1505
356
357
362
1509
356
357
363
373
367
374
1513
368
360
361
362
1517
360
361
365
702
366
703
1521
368
366
367
368
2677
367
368
384
366
367
385
706
2681
366
368
707
708
2685
388
2689
371
375
371
374
1525
372
1529
374
375
383
1533
374
375
384
388
1537
389
380
381
382
383
1541
381
382
398
380
381
399
825
1545
380
382
386
826
387
827
1549
402
1553
389
387
388
389
2693
388
389
387
388
832
2697
387
389
833
834
2701
2705
392
396
392
395
412
1557
393
1561
395
396
404
1565
395
396
405
415
409
416
1569
410
401
402
403
404
1573
402
403
401
402
720
1577
401
403
407
721
408
722
1581
1585
410
408
409
410
2709
409
410
426
408
409
427
727
2713
408
410
728
729
2717
430
2721
413
417
413
416
1589
414
1593
416
417
425
1597
416
417
426
430
1601
431
422
423
424
425
1605
423
424
440
422
423
441
846
1609
422
424
428
847
429
848
1613
444
1617
431
429
430
431
2725
430
431
429
430
853
2729
429
431
854
855
2733
2737
434
438
434
437
454
1621
435
1625
437
438
446
1629
437
438
447
457
451
458
1633
452
443
444
445
446
1637
444
445
443
444
741
1641
443
445
449
742
450
743
1645
1649
452
450
451
452
2741
451
452
468
450
451
469
748
2745
450
452
749
750
2749
472
2753
455
459
455
458
1653
456
1657
458
459
467
1661
458
459
468
472
1665
473
464
465
466
467
1669
465
466
474
464
465
475
867
1673
464
466
470
868
471
869
1677
476
1681
473
471
472
473
2757
472
473
471
472
874
2761
471
473
875
876
2765
2769
476
476
755
1685
1689
479
482
1710
479
483
496
480
482
483
488
482
483
489
499
1714
492
1718
494
501
486
487
488
486
487
491
765
1722
492
1726
493
766
492
493
494
492
494
510
1730
493
494
511
769
492
493
770
1734
1738
771
515
497
500
1742
497
501
498
500
501
509
500
501
510
1746
513
1750
515
506
507
508
509
506
508
524
1754
506
507
512
888
1758
507
508
526
889
513
1762
514
890
529
513
514
515
513
515
1766
514
515
895
513
514
896
1770
1774
897
518
521
1778
518
522
538
519
521
522
530
521
522
531
541
1782
534
1786
536
543
527
528
529
530
527
529
1790
527
528
533
783
1794
528
529
784
534
1798
535
785
534
535
536
534
536
552
1802
535
536
553
790
534
535
791
1806
1810
792
557
539
542
1814
539
543
540
542
543
551
542
543
552
1818
555
1822
557
548
549
550
551
548
550
587
1826
548
549
554
909
1830
549
550
589
910
555
1834
556
911
592
555
556
557
555
557
1838
556
557
916
555
556
917
1842
1846
918
560
563
1850
560
564
601
561
563
564
572
563
564
573
604
1854
576
1858
578
606
569
570
571
572
569
571
1862
569
570
575
797
1866
570
571
798
576
1870
577
799
576
577
578
576
578
615
1874
577
578
617
811
576
577
812
1878
1882
814
619
581
584
1886
581
585
608
582
584
585
593
584
585
594
611
1890
597
1894
599
613
590
591
592
593
590
592
1898
590
591
596
804
1902
591
592
805
597
1906
598
806
597
598
599
597
599
616
1910
598
599
617
811
597
598
813
1914
1918
815
620
602
605
1922
602
606
603
605
606
614
605
606
615
1924
618
1927
619
609
612
1930
609
613
610
612
613
614
612
613
616
1934
618
1938
620
618
619
620
618
619
1942
618
620
1946
619
620
1950
623
624
695
704
1954
623
624
696
700
1958
701
705
629
630
631
713
723
1962
630
631
714
629
631
662
724
629
630
663
1966
664
725
1970
718
1974
719
726
636
637
638
734
744
1978
637
638
735
636
638
669
745
636
637
670
1982
671
746
1986
739
1990
740
747
641
676
756
641
677
1994
678
757
1998
644
645
758
767
644
645
759
2004
763
768
2008
764
650
651
652
776
786
651
652
777
2012
650
651
683
787
2016
650
652
684
685
788
781
789
2020
782
657
658
659
800
807
658
659
801
2024
657
658
690
808
2028
657
659
691
692
809
802
810
2032
803
664
665
666
818
828
2036
665
666
819
664
666
829
664
665
2040
830
2044
823
2048
824
831
671
672
673
839
849
2052
672
673
840
671
673
850
671
672
2056
851
2060
844
2064
845
852
678
679
680
860
870
2068
679
680
861
678
680
871
678
679
2072
872
2076
865
2080
866
873
685
686
687
881
891
686
687
882
2086
685
686
892
2090
685
687
893
886
894
2094
887
692
693
694
902
912
693
694
903
2098
692
693
913
2102
692
694
914
907
915
2106
908
699
700
701
709
2110
700
701
699
700
820
2114
699
701
710
821
711
822
2118
2122
712
703
705
707
704
708
2126
705
709
2130
712
708
711
832
2810
708
712
709
2814
711
712
2818
711
712
836
837
2822
717
718
719
730
2134
718
719
717
718
841
2138
717
719
731
842
732
843
2142
2146
733
722
725
825
2150
722
726
728
723
729
2154
725
726
730
2158
725
726
829
830
2162
733
729
732
853
2826
729
733
730
2830
732
733
2834
732
733
857
858
2838
738
739
740
751
2166
739
740
738
739
862
2170
738
740
752
863
753
864
2174
2178
754
743
746
846
2182
743
747
749
744
750
2186
746
747
751
2190
746
747
850
851
2194
754
750
753
874
2842
750
754
751
2846
753
754
2850
753
754
878
879
2854
757
867
2198
757
871
872
2202
762
763
764
772
763
764
2212
762
763
773
883
2216
762
764
884
774
885
775
2220
766
768
770
2224
767
771
768
772
775
2228
771
774
895
771
775
2232
772
774
775
774
775
899
2236
900
2240
780
781
782
793
781
782
2244
780
781
794
904
2248
780
782
905
795
906
796
2252
785
789
791
2256
785
788
889
786
792
788
789
793
788
789
892
2260
893
796
2264
792
795
916
792
796
2268
793
795
796
795
796
920
2272
921
2276
799
802
812
2280
799
803
800
814
802
803
816
802
803
2284
817
2288
806
810
813
2292
806
809
910
807
815
809
810
816
809
810
913
2296
914
817
2300
814
815
814
817
2304
815
817
2308
816
816
817
2312
822
823
824
835
2316
823
824
822
823
2320
822
824
836
837
2324
2328
838
827
830
2332
827
831
833
828
834
2336
830
831
835
2340
830
831
2344
838
834
837
2872
834
838
835
2876
837
838
2880
837
838
2884
843
844
845
856
2348
844
845
843
844
2352
843
845
857
858
2356
2360
859
848
851
2364
848
852
854
849
855
2368
851
852
856
2372
851
852
2376
859
855
858
2888
855
859
856
2892
858
859
2896
858
859
2900
864
865
866
877
2380
865
866
864
865
2384
864
866
878
879
2388
2392
880
869
872
2396
869
873
875
870
876
2400
872
873
877
2404
872
873
2408
880
876
879
2904
876
880
877
2908
879
880
2912
879
880
2916
885
886
887
898
886
887
2418
885
886
899
2422
885
887
900
901
2426
890
894
896
2430
890
893
891
897
893
894
898
893
894
2434
901
2438
897
900
897
901
2442
898
900
901
900
901
2446
2450
906
907
908
919
907
908
2454
906
907
920
2458
906
908
921
922
2462
911
915
917
2466
911
914
912
918
914
915
919
914
915
2470
922
2474
918
921
918
922
2478
919
921
922
921
922
2482
2486
925
927
950
951
953
925
928
955
958
929
931
960
963
965
927
928
929
933
929
935
932
934
975
976
978
932
935
981
984
986
936
938
988
991
993
934
935
936
940
936
942
939
941
1002
1005
1006
939
942
1009
1012
1014
943
1016
1017
1021
941
942
943
943
946
947
948
957
946
947
950
953
958
954
952
953
954
962
952
954
967
953
954
952
953
963
969
964
970
965
956
958
960
957
961
958
962
965
961
964
980
961
965
962
964
965
964
965
984
985
970
971
972
973
983
970
972
971
972
975
970
971
984
985
978
986
979
977
978
979
990
977
979
995
978
979
977
978
991
997
992
998
993
982
985
982
986
988
983
989
985
986
990
985
986
993
989
992
1008
989
993
990
992
993
992
993
1012
1013
998
999
1000
1004
1011
998
1000
999
1000
1005
998
999
1012
1013
1006
1014
1007
1003
1007
1003
1006
1016
1004
1018
1006
1007
1020
1006
1007
1021
1010
1013
1010
1014
1017
1011
1019
1013
1014
1020
1013
1014
1021
1018
1019
1018
1021
1019
1021
1020
1020
1021
1023
1052
2012
2016
1024
1053
2013
2017
1025
1054
2014
2018
1055
2015
2019
1027
1060
2024
2028
1028
1061
2025
2029
1029
1062
2026
2030
1063
2027
2031
1031
1074
1114
1075
1115
1033
1042
1064
1120
1034
1043
1065
1121
1035
1044
1066
1122
1045
1067
1123
2498
1037
1046
1076
1124
1038
1047
1077
1125
1039
1048
1078
1126
1049
1079
1127
2500
1041
1050
1051
1080
1081
1128
1043
1056
1129
1044
1057
1130
1045
1058
1131
1059
1132
2497
1047
1068
1133
1048
1069
1134
1049
1070
1135
1071
1136
2499
1051
1080
1137
1138
1081
1139
1053
2086
2090
1054
2087
2091
1055
2088
2092
2089
2093
1057
1064
1415
1419
1058
1065
1416
1420
1059
1066
1417
1421
1067
1418
1422
1061
2098
2102
1062
2099
2103
1063
2100
2104
2101
2105
1065
1439
1443
1066
1440
1444
1067
1441
1445
1442
1446
1069
1076
1451
1455
1070
1077
1452
1456
1071
1078
1453
1457
1079
1454
1458
1073
1463
1467
1074
1464
1468
1075
1465
1469
1466
1470
1077
1475
1479
1078
1476
1480
1079
1477
1481
1478
1482
1081
1487
1489
1490
1488
1491
1083
1098
1190
1084
1098
1191
1225
1085
1099
1192
1226
1100
1193
1227
1087
1101
1146
1228
1088
1102
1147
1229
1089
1103
1148
1230
1104
1149
1231
2567
1091
1105
1166
1232
1092
1106
1167
1233
1093
1107
1168
1234
1108
1169
1235
2572
1095
1109
1202
1236
1096
1110
1203
1237
1097
1111
1204
1238
1112
1205
1239
2578
1099
1214
1246
1100
1215
1246
1216
1247
1102
1154
1248
1103
1155
1249
1104
1156
1250
1157
1251
2569
1106
1178
1252
1107
1179
1253
1108
1180
1254
1181
1255
2575
1110
1217
1256
1111
1218
1257
1112
1219
1258
1220
1259
2581
1114
1225
1464
1115
1226
1465
1227
1466
1117
1228
1407
1118
1229
1408
1119
1230
1409
1231
1410
2653
1121
1232
1439
1122
1233
1440
1123
1234
1441
1235
1442
2659
1125
1236
1475
1126
1237
1476
1127
1238
1477
1239
1478
2663
1246
1247
1487
1488
1130
1248
1415
1131
1249
1416
1132
1250
1417
1251
1418
2654
1134
1252
1451
1135
1253
1452
1136
1254
1453
1255
1454
2661
1138
1256
1257
1489
1139
1258
1490
1259
1491
2665
1141
2509
2513
2514
2519
2523
1143
2524
2529
2533
2534
2539
2543
1145
2544
2552
2553
2561
1147
1154
1710
1714
1148
1155
1711
1715
1149
1156
1712
1716
1157
1713
1717
1151
1162
1264
1730
1734
1152
1163
1265
1731
1735
1153
1164
1266
1732
1736
1165
1267
1733
1737
1155
1742
1746
1156
1743
1747
1157
1744
1748
1745
1749
1159
1170
1399
1754
1758
1160
1171
1400
1755
1759
1161
1172
1401
1756
1760
1173
1402
1757
1761
1163
1403
1766
1770
1164
1404
1767
1771
1165
1405
1768
1772
1406
1769
1773
1167
1178
1778
1782
1168
1179
1779
1783
1169
1180
1780
1784
1181
1781
1785
1171
1272
1790
1794
1172
1273
1791
1795
1173
1274
1792
1796
1275
1793
1797
1175
1186
1276
1802
1806
1176
1187
1277
1803
1807
1177
1188
1278
1804
1808
1189
1279
1805
1809
1179
1814
1818
1180
1815
1819
1181
1816
1820
1817
1821
1183
1206
1431
1826
1830
1184
1207
1432
1827
1831
1185
1208
1433
1828
1832
1209
1434
1829
1833
1187
1435
1838
1842
1188
1436
1839
1843
1189
1437
1840
1844
1438
1841
1845
1191
1214
1850
1854
1192
1214
1851
1855
1193
1215
1852
1856
1216
1853
1857
1195
1280
1862
1866
1196
1281
1863
1867
1197
1282
1864
1868
1283
1865
1869
1199
1221
1288
1874
1878
1200
1222
1289
1875
1879
1201
1223
1290
1876
1880
1224
1291
1877
1881
1203
1217
1886
1890
1204
1218
1887
1891
1205
1219
1888
1892
1220
1889
1893
1207
1284
1898
1902
1208
1285
1899
1903
1209
1286
1900
1904
1287
1901
1905
1211
1221
1288
1910
1914
1212
1222
1289
1911
1915
1213
1223
1290
1912
1916
1224
1291
1913
1917
1215
1922
1924
1216
1922
1925
1923
1926
1218
1930
1934
1219
1931
1935
1220
1932
1936
1933
1937
1222
1942
1946
1223
1943
1947
1224
1944
1948
1945
1949
1226
1851
1227
1852
1853
1229
1710
1230
1711
1231
1712
1713
2773
1233
1778
1234
1779
1235
1780
1781
2784
1237
1886
1238
1887
1239
1888
1889
2796
1241
2583
2588
2592
2593
2598
2602
1243
2603
2611
2612
2620
1245
2621
2629
2630
2638
1247
1922
1923
1249
1742
1250
1743
1251
1744
1745
2778
1253
1814
1254
1815
1255
1816
1817
2790
1257
1930
1258
1931
1259
1932
1933
2802
1261
1395
2212
2216
1262
1396
2213
2217
1263
1397
2214
2218
1398
2215
2219
1265
1403
2232
2236
1266
1404
2233
2237
1267
1405
2234
2238
1406
2235
2239
1269
1427
2244
2248
1270
1428
2245
2249
1271
1429
2246
2250
1430
2247
2251
1273
1399
2256
2260
1274
1400
2257
2261
1275
1401
2258
2262
1402
2259
2263
1277
1435
2268
2272
1278
1436
2269
2273
1279
1437
2270
2274
1438
2271
2275
1281
2280
2284
1282
2281
2285
1283
2282
2286
2283
2287
1285
1431
2292
2296
1286
1432
2293
2297
1287
1433
2294
2298
1434
2295
2299
1289
2304
2308
1290
2305
2309
1291
2306
2310
2307
2311
1495
1496
2645
1498
1499
2646
2647
1295
1298
1505
2510
1296
1299
1506
2511
1297
1300
1507
2512
1301
1508
2513
1299
1509
1517
1300
1510
1518
1301
1511
1519
1512
1520
1303
1306
1314
1318
2584
1304
1307
1315
1319
2585
1305
1308
1316
1320
2586
1309
1317
1321
2587
1307
1310
1529
2589
1308
1311
1530
2590
1309
1312
1531
2591
1313
1532
2592
1311
1314
1533
1541
1312
1315
1534
1542
1313
1316
1535
1543
1317
1536
1544
1315
1330
1553
1316
1331
1554
1317
1332
1555
1333
1556
1319
1322
1330
2525
1320
1323
1331
2526
1321
1324
1332
2527
1325
1333
2528
1323
1326
1561
2530
1324
1327
1562
2531
1325
1328
1563
2532
1329
1564
2533
1327
1330
1565
1573
1328
1331
1566
1574
1329
1332
1567
1575
1333
1568
1576
1331
1585
1332
1586
1333
1587
1588
1335
1338
1346
1350
2604
1336
1339
1347
1351
2605
1337
1340
1348
1352
2606
1341
1349
1353
2607
1339
1342
1593
2608
1340
1343
1594
2609
1341
1344
1595
2610
1345
1596
2611
1343
1346
1597
1605
1344
1347
1598
1606
1345
1348
1599
1607
1349
1600
1608
1347
1362
1617
1348
1363
1618
1349
1364
1619
1365
1620
1351
1354
1362
2545
1352
1355
1363
2546
1353
1356
1364
2547
1357
1365
2548
1355
1358
1625
2549
1356
1359
1626
2550
1357
1360
1627
2551
1361
1628
2552
1359
1362
1629
1637
1360
1363
1630
1638
1361
1364
1631
1639
1365
1632
1640
1363
1649
1364
1650
1365
1651
1652
1367
1370
1378
1382
2622
1368
1371
1379
1383
2623
1369
1372
1380
1384
2624
1373
1381
1385
2625
1371
1374
1657
2626
1372
1375
1658
2627
1373
1376
1659
2628
1377
1660
2629
1375
1378
1661
1669
1376
1379
1662
1670
1377
1380
1663
1671
1381
1664
1672
1379
1386
1681
1380
1387
1682
1381
1388
1683
1389
1684
1383
1386
2563
1384
1387
2564
1385
1388
2565
1389
2566
1387
1689
1388
1690
1389
1691
1692
1693
1694
2653
1696
1697
2654
2655
1699
1700
2659
2660
1702
1703
2661
2662
1705
1706
2663
2664
1396
2418
2422
1397
2419
2423
1398
2420
2424
2421
2425
1400
2430
2434
1401
2431
2435
1402
2432
2436
2433
2437
1404
2442
2446
1405
2443
2447
1406
2444
2448
2445
2449
1408
1411
1710
1409
1412
1711
1410
1413
1712
1414
1713
1412
1718
1726
1413
1719
1727
1414
1720
1728
1721
1729
1416
1423
1742
1417
1424
1743
1418
1425
1744
1426
1745
1420
1423
1443
1754
1421
1424
1444
1755
1422
1425
1445
1756
1426
1446
1757
1424
1750
1762
1425
1751
1763
1426
1752
1764
1753
1765
1428
2454
2458
1429
2455
2459
1430
2456
2460
2457
2461
1432
2466
2470
1433
2467
2471
1434
2468
2472
2469
2473
1436
2478
2482
1437
2479
2483
1438
2480
2484
2481
2485
1440
1447
1778
1441
1448
1779
1442
1449
1780
1450
1781
1444
1447
1790
1445
1448
1791
1446
1449
1792
1450
1793
1448
1786
1798
1449
1787
1799
1450
1788
1800
1789
1801
1452
1459
1814
1453
1460
1815
1454
1461
1816
1462
1817
1456
1459
1479
1826
1457
1460
1480
1827
1458
1461
1481
1828
1462
1482
1829
1460
1822
1834
1461
1823
1835
1462
1824
1836
1825
1837
1464
1471
1850
1465
1472
1851
1466
1473
1852
1474
1853
1468
1471
1862
1469
1472
1863
1470
1473
1864
1474
1865
1472
1858
1870
1473
1859
1871
1474
1860
1872
1861
1873
1476
1483
1886
1477
1484
1887
1478
1485
1888
1486
1889
1480
1483
1898
1481
1484
1899
1482
1485
1900
1486
1901
1484
1894
1906
1485
1895
1907
1486
1896
1908
1897
1909
1488
1492
1493
1922
1494
1923
1490
1492
1930
1931
1491
1493
1932
1494
1933
1493
1927
1938
1939
1494
1928
1940
1929
1941
1497
2666
1497
2667
2668
2669
2670
1500
2671
1500
2672
2673
2674
2675
1502
1505
1513
1525
2515
1503
1506
1514
1526
2516
1504
1507
1515
1527
2517
1508
1516
1528
2518
1506
1509
2520
1507
1510
2521
1508
1511
2522
1512
2523
1510
1513
2677
1511
1514
2678
1512
1515
2679
1516
2680
1514
1537
2689
1515
1538
2690
1516
1539
2691
1540
2692
1518
1521
2677
1519
1522
2678
1520
1523
2679
1524
2680
1522
2126
2685
1523
2127
2686
1524
2128
2687
2129
2688
1526
1529
1537
2594
1527
1530
1538
2595
1528
1531
1539
2596
1532
1540
2597
1530
1533
2599
1531
1534
2600
1532
1535
2601
1536
2602
1534
1537
2693
1535
1538
2694
1536
1539
2695
1540
2696
1538
2705
1539
2706
1540
2707
2708
1542
1549
1553
2693
1543
1550
1554
2694
1544
1551
1555
2695
1552
1556
2696
1546
1549
1553
1577
2332
1547
1550
1554
1578
2333
1548
1551
1555
1579
2334
1552
1556
1580
2335
1550
2336
2701
1551
2337
2702
1552
2338
2703
2339
2704
1554
1585
1555
1586
1556
1587
1588
1558
1561
1569
1589
2535
1559
1562
1570
1590
2536
1560
1563
1571
1591
2537
1564
1572
1592
2538
1562
1565
2540
1563
1566
2541
1564
1567
2542
1568
2543
1566
1569
2709
1567
1570
2710
1568
1571
2711
1572
2712
1570
1601
2721
1571
1602
2722
1572
1603
2723
1604
2724
1574
1581
1585
2709
1575
1582
1586
2710
1576
1583
1587
2711
1584
1588
2712
1578
1581
1585
2150
1579
1582
1586
2151
1580
1583
1587
2152
1584
1588
2153
1582
2154
2717
1583
2155
2718
1584
2156
2719
2157
2720
1586
1587
1588
1590
1593
1601
2613
1591
1594
1602
2614
1592
1595
1603
2615
1596
1604
2616
1594
1597
2617
1595
1598
2618
1596
1599
2619
1600
2620
1598
1601
2725
1599
1602
2726
1600
1603
2727
1604
2728
1602
2737
1603
2738
1604
2739
2740
1606
1613
1617
2725
1607
1614
1618
2726
1608
1615
1619
2727
1616
1620
2728
1610
1613
1617
1641
2364
1611
1614
1618
1642
2365
1612
1615
1619
1643
2366
1616
1620
1644
2367
1614
2368
2733
1615
2369
2734
1616
2370
2735
2371
2736
1618
1649
1619
1650
1620
1651
1652
1622
1625
1633
1653
2554
1623
1626
1634
1654
2555
1624
1627
1635
1655
2556
1628
1636
1656
2557
1626
1629
2558
1627
1630
2559
1628
1631
2560
1632
2561
1630
1633
2741
1631
1634
2742
1632
1635
2743
1636
2744
1634
1665
2753
1635
1666
2754
1636
1667
2755
1668
2756
1638
1645
1649
2741
1639
1646
1650
2742
1640
1647
1651
2743
1648
1652
2744
1642
1645
1649
2182
1643
1646
1650
2183
1644
1647
1651
2184
1648
1652
2185
1646
2186
2749
1647
2187
2750
1648
2188
2751
2189
2752
1650
1651
1652
1654
1657
1665
2631
1655
1658
1666
2632
1656
1659
1667
2633
1660
1668
2634
1658
1661
2635
1659
1662
2636
1660
1663
2637
1664
2638
1662
1665
2757
1663
1666
2758
1664
1667
2759
1668
2760
1666
2769
1667
2770
1668
2771
2772
1670
1677
1681
2757
1671
1678
1682
2758
1672
1679
1683
2759
1680
1684
2760
1674
1677
1681
1685
2396
1675
1678
1682
1686
2397
1676
1679
1683
1687
2398
1680
1684
1688
2399
1678
2400
2765
1679
2401
2766
1680
2402
2767
2403
2768
1682
1689
1683
1690
1684
1691
1692
1686
1689
2198
1687
1690
2199
1688
1691
2200
1692
2201
1690
1691
1692
1695
2773
2774
1695
2775
2776
2777
1698
2778
2779
1698
2780
2781
2782
2783
1701
2784
2785
1701
2786
2787
2788
2789
1704
2790
2791
1704
2792
2793
2794
2795
1707
2796
2797
1707
2798
2799
2800
2801
1709
2802
2803
2804
1711
1718
1712
1719
1713
1720
1721
1715
1718
1730
1746
1716
1719
1731
1747
1717
1720
1732
1748
1721
1733
1749
1719
1738
1720
1739
1721
1740
1741
1723
1726
1734
2224
1724
1727
1735
2225
1725
1728
1736
2226
1729
1737
2227
1727
1738
1728
1739
1729
1740
1741
1731
1738
1766
1732
1739
1767
1733
1740
1768
1741
1769
1735
1738
2232
1736
1739
2233
1737
1740
2234
1741
2235
1739
1740
1741
1743
1750
1744
1751
1745
1752
1753
1747
1750
1766
1748
1751
1767
1749
1752
1768
1753
1769
1751
1774
1752
1775
1753
1776
1777
1755
1762
1790
1756
1763
1791
1757
1764
1792
1765
1793
1759
1762
1770
2430
1760
1763
1771
2431
1761
1764
1772
2432
1765
1773
2433
1763
1774
1764
1775
1765
1776
1777
1767
1774
1768
1775
1769
1776
1777
1771
1774
2442
1772
1775
2443
1773
1776
2444
1777
2445
1775
1776
1777
1779
1786
1780
1787
1781
1788
1789
1783
1786
1802
1818
1784
1787
1803
1819
1785
1788
1804
1820
1789
1805
1821
1787
1810
1788
1811
1789
1812
1813
1791
1798
1792
1799
1793
1800
1801
1795
1798
1806
2256
1796
1799
1807
2257
1797
1800
1808
2258
1801
1809
2259
1799
1810
1800
1811
1801
1812
1813
1803
1810
1838
1804
1811
1839
1805
1812
1840
1813
1841
1807
1810
2268
1808
1811
2269
1809
1812
2270
1813
2271
1811
1812
1813
1815
1822
1816
1823
1817
1824
1825
1819
1822
1838
1820
1823
1839
1821
1824
1840
1825
1841
1823
1846
1824
1847
1825
1848
1849
1827
1834
1898
1828
1835
1899
1829
1836
1900
1837
1901
1831
1834
1842
2466
1832
1835
1843
2467
1833
1836
1844
2468
1837
1845
2469
1835
1846
1836
1847
1837
1848
1849
1839
1846
1840
1847
1841
1848
1849
1843
1846
2478
1844
1847
2479
1845
1848
2480
1849
2481
1847
1848
1849
1851
1858
1852
1859
1853
1860
1861
1855
1858
1874
1924
1856
1859
1875
1924
1857
1860
1876
1925
1861
1877
1926
1859
1882
1860
1883
1861
1884
1885
1863
1870
1864
1871
1865
1872
1873
1867
1870
1878
2280
1868
1871
1879
2281
1869
1872
1880
2282
1873
1881
2283
1871
1882
1872
1883
1873
1884
1885
1875
1882
1942
1876
1883
1943
1877
1884
1944
1885
1945
1879
1882
2304
1880
1883
2305
1881
1884
2306
1885
2307
1883
1884
1885
1887
1894
1888
1895
1889
1896
1897
1891
1894
1910
1934
1892
1895
1911
1935
1893
1896
1912
1936
1897
1913
1937
1895
1918
1896
1919
1897
1920
1921
1899
1906
1900
1907
1901
1908
1909
1903
1906
1914
2292
1904
1907
1915
2293
1905
1908
1916
2294
1909
1917
2295
1907
1918
1908
1919
1909
1920
1921
1911
1918
1946
1912
1919
1947
1913
1920
1948
1921
1949
1915
1918
2308
1916
1919
2309
1917
1920
2310
1921
2311
1919
1920
1921
1923
1927
1928
1929
1925
1927
1942
1943
1926
1928
1944
1929
1945
1928
1950
1951
1929
1952
1953
1931
1938
1932
1939
1933
1940
1941
1935
1938
1946
1936
1939
1947
1937
1940
1948
1941
1949
1939
1950
1940
1951
1941
1952
1953
1943
1950
1944
1951
1945
1952
1953
1947
1950
1948
1951
1949
1952
1953
1951
1952
1953
1955
1958
2110
2130
1956
1959
2111
2131
1957
1960
2112
2132
1961
2113
2133
1959
2122
1960
2123
1961
2124
2125
1963
1970
1974
2134
2158
1964
1971
1975
2135
2159
1965
1972
1976
2136
2160
1973
1977
2137
2161
1967
1970
1974
2040
1968
1971
1975
2041
1969
1972
1976
2042
1973
1977
2043
1971
2044
2162
1972
2045
2163
1973
2046
2164
2047
2165
1975
2146
1976
2147
1977
2148
2149
1979
1986
1990
2166
2190
1980
1987
1991
2167
2191
1981
1988
1992
2168
2192
1989
1993
2169
2193
1983
1986
1990
2056
1984
1987
1991
2057
1985
1988
1992
2058
1989
1993
2059
1987
2060
2194
1988
2061
2195
1989
2062
2196
2063
2197
1991
2178
1992
2179
1993
2180
2181
1995
1998
2072
1996
1999
2073
1997
2000
2074
2001
2075
1999
2076
2202
2000
2077
2203
2001
2078
2204
2079
2205
2206
2207
2805
2209
2210
2806
2807
2005
2008
2212
2006
2009
2213
2007
2010
2214
2011
2215
2009
2220
2228
2010
2221
2229
2011
2222
2230
2223
2231
2013
2020
2244
2014
2021
2245
2015
2022
2246
2023
2247
2017
2020
2090
2260
2018
2021
2091
2261
2019
2022
2092
2262
2023
2093
2263
2021
2252
2264
2022
2253
2265
2023
2254
2266
2255
2267
2025
2032
2284
2026
2033
2285
2027
2034
2286
2035
2287
2029
2032
2102
2296
2030
2033
2103
2297
2031
2034
2104
2298
2035
2105
2299
2033
2288
2300
2034
2289
2301
2035
2290
2302
2291
2303
2037
2044
2048
2316
2340
2038
2045
2049
2317
2341
2039
2046
2050
2318
2342
2047
2051
2319
2343
2041
2044
2048
2042
2045
2049
2043
2046
2050
2047
2051
2045
2344
2046
2345
2047
2346
2347
2049
2328
2050
2329
2051
2330
2331
2053
2060
2064
2348
2372
2054
2061
2065
2349
2373
2055
2062
2066
2350
2374
2063
2067
2351
2375
2057
2060
2064
2058
2061
2065
2059
2062
2066
2063
2067
2061
2376
2062
2377
2063
2378
2379
2065
2360
2066
2361
2067
2362
2363
2069
2076
2080
2380
2404
2070
2077
2081
2381
2405
2071
2078
2082
2382
2406
2079
2083
2383
2407
2073
2076
2080
2074
2077
2081
2075
2078
2082
2079
2083
2077
2408
2078
2409
2079
2410
2411
2081
2392
2082
2393
2083
2394
2395
2412
2413
2808
2809
2415
2416
2087
2094
2418
2088
2095
2419
2089
2096
2420
2097
2421
2091
2094
2434
2092
2095
2435
2093
2096
2436
2097
2437
2095
2426
2438
2096
2427
2439
2097
2428
2440
2429
2441
2099
2106
2454
2100
2107
2455
2101
2108
2456
2109
2457
2103
2106
2470
2104
2107
2471
2105
2108
2472
2109
2473
2107
2462
2474
2108
2463
2475
2109
2464
2476
2465
2477
2111
2118
2122
2818
2112
2119
2123
2819
2113
2120
2124
2820
2121
2125
2821
2115
2118
2122
2320
2116
2119
2123
2321
2117
2120
2124
2322
2121
2125
2323
2119
2324
2822
2120
2325
2823
2121
2326
2824
2327
2825
2123
2124
2125
2127
2130
2814
2128
2131
2815
2129
2132
2816
2133
2817
2131
2818
2132
2819
2133
2820
2821
2135
2142
2146
2834
2136
2143
2147
2835
2137
2144
2148
2836
2145
2149
2837
2139
2142
2146
2352
2140
2143
2147
2353
2141
2144
2148
2354
2145
2149
2355
2143
2356
2838
2144
2357
2839
2145
2358
2840
2359
2841
2147
2148
2149
2151
2154
2162
2332
2152
2155
2163
2333
2153
2156
2164
2334
2157
2165
2335
2155
2158
2830
2156
2159
2831
2157
2160
2832
2161
2833
2159
2162
2834
2160
2163
2835
2161
2164
2836
2165
2837
2163
2344
2164
2345
2165
2346
2347
2167
2174
2178
2850
2168
2175
2179
2851
2169
2176
2180
2852
2177
2181
2853
2171
2174
2178
2384
2172
2175
2179
2385
2173
2176
2180
2386
2177
2181
2387
2175
2388
2854
2176
2389
2855
2177
2390
2856
2391
2857
2179
2180
2181
2183
2186
2194
2364
2184
2187
2195
2365
2185
2188
2196
2366
2189
2197
2367
2187
2190
2846
2188
2191
2847
2189
2192
2848
2193
2849
2191
2194
2850
2192
2195
2851
2193
2196
2852
2197
2853
2195
2376
2196
2377
2197
2378
2379
2199
2202
2396
2200
2203
2397
2201
2204
2398
2205
2399
2203
2408
2204
2409
2205
2410
2411
2208
2858
2859
2208
2860
2861
2862
2211
2863
2864
2211
2865
2866
2867
2868
2213
2220
2214
2221
2215
2222
2223
2217
2220
2236
2422
2218
2221
2237
2423
2219
2222
2238
2424
2223
2239
2425
2221
2240
2222
2241
2223
2242
2243
2225
2228
2232
2226
2229
2233
2227
2230
2234
2231
2235
2229
2240
2230
2241
2231
2242
2243
2233
2240
2234
2241
2235
2242
2243
2237
2240
2446
2238
2241
2447
2239
2242
2448
2243
2449
2241
2242
2243
2245
2252
2246
2253
2247
2254
2255
2249
2252
2272
2458
2250
2253
2273
2459
2251
2254
2274
2460
2255
2275
2461
2253
2276
2254
2277
2255
2278
2279
2257
2264
2268
2258
2265
2269
2259
2266
2270
2267
2271
2261
2264
2434
2262
2265
2435
2263
2266
2436
2267
2437
2265
2276
2266
2277
2267
2278
2279
2269
2276
2270
2277
2271
2278
2279
2273
2276
2482
2274
2277
2483
2275
2278
2484
2279
2485
2277
2278
2279
2281
2288
2304
2282
2289
2305
2283
2290
2306
2291
2307
2285
2288
2286
2289
2287
2290
2291
2289
2312
2290
2313
2291
2314
2315
2293
2300
2308
2294
2301
2309
2295
2302
2310
2303
2311
2297
2300
2470
2298
2301
2471
2299
2302
2472
2303
2473
2301
2312
2302
2313
2303
2314
2315
2305
2312
2306
2313
2307
2314
2315
2309
2312
2310
2313
2311
2314
2315
2313
2314
2315
2317
2324
2328
2880
2318
2325
2329
2881
2319
2326
2330
2882
2327
2331
2883
2321
2324
2328
2322
2325
2329
2323
2326
2330
2327
2331
2325
2884
2326
2885
2327
2886
2887
2329
2330
2331
2333
2336
2344
2334
2337
2345
2335
2338
2346
2339
2347
2337
2340
2876
2338
2341
2877
2339
2342
2878
2343
2879
2341
2344
2880
2342
2345
2881
2343
2346
2882
2347
2883
2345
2346
2347
2349
2356
2360
2896
2350
2357
2361
2897
2351
2358
2362
2898
2359
2363
2899
2353
2356
2360
2354
2357
2361
2355
2358
2362
2359
2363
2357
2900
2358
2901
2359
2902
2903
2361
2362
2363
2365
2368
2376
2366
2369
2377
2367
2370
2378
2371
2379
2369
2372
2892
2370
2373
2893
2371
2374
2894
2375
2895
2373
2376
2896
2374
2377
2897
2375
2378
2898
2379
2899
2377
2378
2379
2381
2388
2392
2912
2382
2389
2393
2913
2383
2390
2394
2914
2391
2395
2915
2385
2388
2392
2386
2389
2393
2387
2390
2394
2391
2395
2389
2916
2390
2917
2391
2918
2919
2393
2394
2395
2397
2400
2408
2398
2401
2409
2399
2402
2410
2403
2411
2401
2404
2908
2402
2405
2909
2403
2406
2910
2407
2911
2405
2408
2912
2406
2409
2913
2407
2410
2914
2411
2915
2409
2410
2411
2414
2920
2921
2414
2922
2923
2924
2925
2417
2926
2417
2927
2928
2929
2930
2419
2426
2420
2427
2421
2428
2429
2423
2426
2446
2424
2427
2447
2425
2428
2448
2429
2449
2427
2450
2428
2451
2429
2452
2453
2431
2438
2442
2432
2439
2443
2433
2440
2444
2441
2445
2435
2438
2436
2439
2437
2440
2441
2439
2450
2440
2451
2441
2452
2453
2443
2450
2444
2451
2445
2452
2453
2447
2450
2448
2451
2449
2452
2453
2451
2452
2453
2455
2462
2456
2463
2457
2464
2465
2459
2462
2482
2460
2463
2483
2461
2464
2484
2465
2485
2463
2486
2464
2487
2465
2488
2489
2467
2474
2478
2468
2475
2479
2469
2476
2480
2477
2481
2471
2474
2472
2475
2473
2476
2477
2475
2486
2476
2487
2477
2488
2489
2479
2486
2480
2487
2481
2488
2489
2483
2486
2484
2487
2485
2488
2489
2487
2488
2489
2492
2496
2806
2807
2492
2496
2646
2647
2648
2649
2502
2505
2514
2519
2501
2524
2529
2503
2534
2539
2808
2809
2498
2654
2655
2659
2660
2500
2661
2662
2663
2664
2506
2583
2588
2508
2593
2598
2612
2507
2639
2667
2668
2508
2669
2670
2671
2650
2672
2673
2674
2675
2519
2666
2511
2520
2512
2521
2513
2522
2523
2518
2593
2516
2520
2594
2517
2521
2595
2518
2522
2596
2523
2597
2669
2521
2522
2523
2528
2583
2526
2530
2584
2527
2531
2585
2528
2532
2586
2533
2587
2539
2531
2540
2532
2541
2533
2542
2543
2538
2612
2536
2540
2613
2537
2541
2614
2538
2542
2615
2543
2616
2541
2542
2543
2548
2603
2546
2549
2604
2547
2550
2605
2548
2551
2606
2552
2607
2550
2558
2551
2559
2552
2560
2561
2557
2630
2555
2558
2631
2556
2559
2632
2557
2560
2633
2561
2634
2559
2560
2561
2566
2621
2564
2622
2565
2623
2566
2624
2625
2569
2773
2774
2571
2640
2776
2777
2778
2779
2573
2651
2780
2781
2652
2782
2783
2575
2784
2785
2642
2786
2787
2577
2643
2788
2789
2790
2791
2579
2657
2792
2793
2658
2794
2795
2581
2796
2797
2644
2798
2799
2582
2800
2801
2802
2803
2804
2587
2585
2589
2586
2590
2587
2591
2592
2598
2671
2590
2599
2591
2600
2592
2601
2602
2597
2595
2599
2596
2600
2597
2601
2602
2674
2600
2601
2602
2607
2605
2608
2606
2609
2607
2610
2611
2609
2617
2610
2618
2611
2619
2620
2616
2614
2617
2615
2618
2616
2619
2620
2618
2619
2620
2625
2623
2626
2624
2627
2625
2628
2629
2627
2635
2628
2636
2629
2637
2638
2634
2632
2635
2633
2636
2634
2637
2638
2636
2637
2638
2650
2858
2859
2652
2861
2862
2656
2863
2864
2651
2865
2866
2658
2867
2868
2657
2869
2870
2667
2805
2648
2672
2808
2676
2806
2920
2921
2922
2923
2924
2925
2773
2778
2660
2780
2926
2927
2928
2929
2930
2784
2786
2790
2664
2792
2796
2798
2802
2669
2858
2670
2673
2675
2674
2920
2675
2863
2678
2685
2689
2679
2686
2690
2680
2687
2691
2688
2692
2682
2685
2689
2697
2810
2683
2686
2690
2698
2811
2684
2687
2691
2699
2812
2688
2692
2700
2813
2686
2814
2687
2815
2688
2816
2817
2690
2705
2691
2706
2692
2707
2708
2694
2701
2705
2695
2702
2706
2696
2703
2707
2704
2708
2698
2701
2705
2872
2699
2702
2706
2873
2700
2703
2707
2874
2704
2708
2875
2702
2876
2703
2877
2704
2878
2879
2706
2707
2708
2710
2717
2721
2711
2718
2722
2712
2719
2723
2720
2724
2714
2717
2721
2729
2826
2715
2718
2722
2730
2827
2716
2719
2723
2731
2828
2720
2724
2732
2829
2718
2830
2719
2831
2720
2832
2833
2722
2737
2723
2738
2724
2739
2740
2726
2733
2737
2727
2734
2738
2728
2735
2739
2736
2740
2730
2733
2737
2888
2731
2734
2738
2889
2732
2735
2739
2890
2736
2740
2891
2734
2892
2735
2893
2736
2894
2895
2738
2739
2740
2742
2749
2753
2743
2750
2754
2744
2751
2755
2752
2756
2746
2749
2753
2761
2842
2747
2750
2754
2762
2843
2748
2751
2755
2763
2844
2752
2756
2764
2845
2750
2846
2751
2847
2752
2848
2849
2754
2769
2755
2770
2756
2771
2772
2758
2765
2769
2759
2766
2770
2760
2767
2771
2768
2772
2762
2765
2769
2904
2763
2766
2770
2905
2764
2767
2771
2906
2768
2772
2907
2766
2908
2767
2909
2768
2910
2911
2770
2771
2772
2776
2779
2777
2860
2782
2861
2782
2786
2783
2922
2924
2788
2791
2789
2865
2794
2867
2794
2798
2795
2927
2929
2800
2803
2801
2869
2804
2871
2804
2858
2863
2809
2866
2920
2923
2811
2814
2822
2872
2812
2815
2823
2873
2813
2816
2824
2874
2817
2825
2875
2815
2818
2816
2819
2817
2820
2821
2819
2822
2820
2823
2821
2824
2825
2823
2884
2824
2885
2825
2886
2887
2827
2830
2838
2888
2828
2831
2839
2889
2829
2832
2840
2890
2833
2841
2891
2831
2834
2832
2835
2833
2836
2837
2835
2838
2836
2839
2837
2840
2841
2839
2900
2840
2901
2841
2902
2903
2843
2846
2854
2904
2844
2847
2855
2905
2845
2848
2856
2906
2849
2857
2907
2847
2850
2848
2851
2849
2852
2853
2851
2854
2852
2855
2853
2856
2857
2855
2916
2856
2917
2857
2918
2919
2862
2921
2861
2925
2868
2926
2867
2923
2930
2871
2928
2873
2876
2884
2874
2877
2885
2875
2878
2886
2879
2887
2877
2880
2878
2881
2879
2882
2883
2881
2884
2882
2885
2883
2886
2887
2885
2886
2887
2889
2892
2900
2890
2893
2901
2891
2894
2902
2895
2903
2893
2896
2894
2897
2895
2898
2899
2897
2900
2898
2901
2899
2902
2903
2901
2902
2903
2905
2908
2916
2906
2909
2917
2907
2910
2918
2911
2919
2909
2912
2910
2913
2911
2914
2915
2913
2916
2914
2917
2915
2918
2919
2917
2918
2919
2925
2924
2930
2929
)


// ************************************************************************* //
