/*--------------------------------*- C++ -*----------------------------------*\
| =========                 |                                                 |
| \\      /  F ield         | OpenFOAM: The Open Source CFD Toolbox           |
|  \\    /   O peration     | Version:  2.3.x                                 |
|   \\  /    A nd           | Web:      www.OpenFOAM.org                      |
|    \\/     M anipulation  |                                                 |
\*---------------------------------------------------------------------------*/
FoamFile
{
    version     2.0;
    format      ascii;
    class       labelList;
    location    "constant/polyMesh";
    object      pointProcAddressing;
}
// * * * * * * * * * * * * * * * * * * * * * * * * * * * * * * * * * * * * * //


4186
(
18
19
20
21
22
23
24
25
26
27
28
29
30
31
32
33
34
35
36
37
38
39
40
41
42
61
62
63
64
65
66
67
68
69
70
71
72
73
74
75
76
77
78
79
80
81
82
83
84
85
314
315
316
317
318
319
320
321
322
323
324
325
326
327
328
329
330
331
332
333
334
335
336
337
351
352
353
354
355
356
357
358
359
360
361
362
363
364
365
366
367
368
369
370
371
372
373
374
607
608
609
610
611
612
613
614
615
616
617
618
619
620
621
622
623
624
625
626
627
628
629
630
631
632
651
652
653
654
655
656
657
658
659
660
661
662
663
664
665
666
667
668
669
670
671
672
673
674
675
908
909
910
911
912
913
914
915
916
917
918
919
920
921
922
923
924
925
926
927
928
929
930
931
932
933
951
952
953
954
955
956
957
958
959
960
961
962
963
964
965
966
967
968
969
970
971
972
973
974
975
976
1209
1210
1211
1212
1213
1214
1215
1216
1217
1218
1219
1220
1221
1222
1223
1224
1225
1226
1227
1228
1229
1230
1231
1232
1233
1234
1252
1253
1254
1255
1256
1257
1258
1259
1260
1261
1262
1263
1264
1265
1266
1267
1268
1269
1270
1271
1272
1273
1274
1275
1276
1277
1510
1511
1512
1513
1514
1515
1516
1517
1518
1519
1520
1521
1522
1523
1524
1525
1526
1527
1528
1529
1530
1531
1532
1533
1534
1535
1553
1554
1555
1556
1557
1558
1559
1560
1561
1562
1563
1564
1565
1566
1567
1568
1569
1570
1571
1572
1573
1574
1575
1576
1577
1578
1811
1812
1813
1814
1815
1816
1817
1818
1819
1820
1821
1822
1823
1824
1825
1826
1827
1828
1829
1830
1831
1832
1833
1834
1835
1836
1854
1855
1856
1857
1858
1859
1860
1861
1862
1863
1864
1865
1866
1867
1868
1869
1870
1871
1872
1873
1874
1875
1876
1877
1878
1879
2096
2105
2109
2123
2124
2125
2126
2140
2142
2145
2166
2167
2168
2169
2179
2181
2183
2201
2202
2203
2204
2205
2206
2207
2224
2226
2227
2229
2245
2246
2247
2258
2271
2272
2273
2301
2302
2303
2304
2305
2325
2327
2328
2329
2351
2352
2353
2362
2364
2373
2385
2395
2405
2410
2423
2425
2426
2427
2450
2453
2454
2455
2457
2463
2469
2488
2489
2490
2516
2518
2519
2520
2541
2542
2543
2544
2577
2578
2579
2580
2592
2593
2594
2595
2621
2622
2623
2624
2625
2659
2665
2666
2671
2680
2681
2682
2683
2684
2693
2694
2696
2701
2702
2706
2707
2708
2709
2710
2711
2752
2754
2759
2761
2774
2775
2776
2777
2778
2779
2780
2810
2821
2822
2823
2824
2825
2826
2827
2853
2877
2880
2882
2883
2884
2910
2924
2925
2926
2927
2950
2951
2962
2963
2979
2980
2981
2993
2995
3004
3005
3007
3010
3011
3016
3021
3022
3023
3024
3042
3043
3044
3045
3051
3066
3067
3068
3069
3070
3086
3087
3088
3089
3090
3100
3101
3102
3114
3123
3124
3142
3143
3146
3147
3148
3149
3150
3156
3157
3158
3159
3160
3161
3162
3169
3170
3171
3173
3175
3179
3180
3181
3182
3183
3184
3191
3192
3193
3194
3196
3198
3206
3207
3208
3209
3210
3211
3212
3213
3214
3242
3245
3246
3247
3248
3249
3255
3256
3257
3262
3263
3264
3265
3266
3267
3276
3277
3278
3279
3280
3281
3292
3293
3294
3295
3296
3314
3319
3320
3327
3328
3329
3330
3331
3332
3333
3334
3361
3362
3363
3364
3365
3366
3367
3371
3372
3381
3383
3384
3387
3388
3389
3390
3391
3429
3430
3431
3432
3433
3434
3438
3447
3449
3450
3451
3452
3453
3454
3463
3464
3465
3466
3480
3481
3482
3483
3484
3485
3490
3491
3492
3493
3494
3495
3521
3525
3526
3527
3528
3529
3542
3560
3561
3562
3563
3584
3592
3593
3594
3595
3596
3632
3633
3634
3635
3647
3652
3653
3654
3655
3685
3686
3689
3690
3691
3708
3710
3711
3713
3714
3723
3724
3725
3738
3739
3740
3741
3742
3743
3796
3800
3801
3802
3807
3809
3811
3812
3813
3814
3815
3816
3817
3818
3819
3820
3821
3822
3823
3824
3849
3850
3851
3852
3853
3854
3855
3856
3857
3858
3863
3864
3865
3866
3867
3868
3869
3912
3913
3920
3921
3922
3924
3926
3927
3941
3942
3943
3944
3945
3946
3947
3948
3952
3957
3958
3959
3960
3962
3963
3964
3969
3970
3971
3972
3973
3974
4007
4008
4016
4017
4018
4019
4020
4021
4022
4023
4031
4047
4048
4049
4050
4051
4052
4063
4080
4081
4082
4083
4084
4085
4086
4087
4088
4089
4116
4117
4119
4121
4139
4140
4141
4142
4143
4144
4145
4146
4147
4148
4149
4150
4151
4152
4153
4154
4155
4156
4157
4158
4159
4160
4223
4224
4244
4245
4246
4247
4248
4249
4250
4251
4252
4253
4254
4255
4256
4257
4258
4259
4260
4261
4262
4263
4277
4279
4280
4283
4284
4287
4288
4289
4290
4292
4293
4294
4295
4296
4323
4336
4337
4338
4339
4340
4341
4342
4343
4344
4386
4387
4391
4393
4394
4395
4396
4397
4398
4399
4400
4401
4402
4403
4404
4405
4406
4407
4441
4443
4444
4446
4447
4448
4479
4486
4487
4488
4505
4514
4515
4516
4517
4518
4519
4560
4561
4562
4563
4564
4569
4573
4576
4578
4580
4581
4593
4594
4595
4596
4599
4600
4601
4602
4604
4605
4606
4607
4608
4612
4613
4624
4625
4626
4632
4633
4638
4639
4671
4672
4673
4698
4715
4716
4729
4730
4731
4732
4738
4739
4740
4741
4778
4779
4787
4793
4801
4802
4803
4804
4816
4817
4825
4826
4827
4828
4829
4830
4831
4832
4949
4950
4951
4952
4953
4954
4955
4956
4957
4958
4959
4960
4961
4962
4963
4964
4965
5075
5078
5079
5080
5081
5103
5107
5108
5109
5110
5111
5139
5222
5223
5263
5306
5319
5320
5321
5322
5323
5350
5351
5352
5353
5354
5378
5379
5380
5381
5421
5427
5465
5466
5467
5468
5470
5471
5472
5494
5495
5499
5518
5519
5579
5580
5581
5582
5583
5584
5585
5586
5587
5588
5616
5621
5655
5661
5673
5680
5701
5702
5703
5707
5708
5709
5710
5711
5712
5713
5759
5760
5761
5766
5767
5768
5769
5770
5771
5772
5773
5774
5778
5787
5802
5873
5874
5882
5883
5884
5931
5932
5933
5938
5939
5940
5941
5942
5973
5985
5986
5987
5988
6005
6006
6007
6008
6021
6022
6028
6029
6030
6031
6032
6062
6063
6064
6065
6066
6067
6081
6082
6083
6084
6085
6113
6114
6155
6156
6157
6187
6188
6189
6190
6191
6199
6200
6201
6202
6203
6302
6303
6304
6305
6306
6307
6308
6309
6310
6311
6312
6313
6314
6315
6316
6317
6398
6399
6414
6473
6474
6475
6507
6508
6509
6522
6523
6524
6525
6526
6600
6601
6602
6603
6635
6636
6665
6666
6667
6668
6727
6728
6729
6730
6731
6736
6737
6803
6804
6805
6806
6807
6808
6809
6827
6828
6830
6831
6832
7005
7027
7028
7029
7030
7031
7032
7033
7034
7035
7036
7037
7038
7039
7040
7041
7042
7043
7163
7164
7217
7255
7256
7257
7258
7259
7260
7261
7262
7263
7264
7265
7310
7311
7312
7313
7314
7315
7316
7317
7318
7319
7320
7321
7351
7352
7355
7356
7357
7358
7359
7360
7361
7362
7363
7364
7536
7537
7538
7539
7540
7541
7550
7569
7570
7593
7616
7617
7618
7619
7620
7621
7622
7623
7624
7653
7654
7655
7656
7657
7712
7713
7714
7715
7716
7717
7718
7719
7720
7721
7722
7723
7724
7725
7726
7727
7883
7884
7949
7950
7951
7952
7953
7954
7955
7956
7957
7958
7959
7960
7961
7962
7963
7964
7965
7966
7967
7968
7969
7970
7971
7972
7973
7974
7975
7976
7977
7978
7979
7980
8158
8159
8165
8166
8176
8177
8178
8179
8184
8185
8187
8188
8203
8204
8206
8207
8217
8218
8235
8236
8237
8238
8239
8247
8248
8276
8277
8278
8279
8280
8281
8282
8283
8284
8289
8343
8344
8345
8421
8422
8423
8424
8482
8514
8530
8563
8588
8593
8616
8617
8643
8644
8645
8675
8676
8679
8699
8700
8723
8729
8730
8759
8760
8761
8825
8826
8827
8906
8907
8909
8912
8961
8962
8971
9070
9071
9072
9156
9157
9228
9229
9275
9276
9277
9278
9279
9435
9436
9457
9458
9459
9460
9461
9462
9463
9464
9538
9561
9571
9572
9577
9597
9598
9599
9618
9619
9620
9621
9622
9637
9638
9639
9640
9641
9656
9657
9658
9659
9660
9661
9688
9689
9731
9732
9733
9734
9737
9740
9744
9745
9746
9747
9771
9772
9804
9808
9809
9856
9863
9864
9918
9919
9920
9921
9922
9923
9924
9932
9933
9934
9935
9936
9937
9938
9949
9950
9951
9958
9959
9960
9961
9966
9967
9968
9969
9974
9975
9976
9977
9978
9979
9980
9981
9982
9983
9984
9985
9986
9987
9988
9989
9990
9991
9992
9993
9995
9997
10019
10020
10021
10022
10023
10024
10025
10026
10027
10028
10029
10030
10032
10048
10049
10050
10051
10052
10053
10054
10055
10056
10057
10058
10059
10060
10061
10062
10063
10075
10076
10077
10078
10080
10081
10083
10084
10086
10087
10089
10091
10159
10160
10161
10162
10163
10164
10165
10166
10167
10168
10169
10170
10171
10172
10173
10174
10175
10184
10185
10186
10187
10188
10190
10191
10193
10194
10196
10197
10199
10201
10250
10251
10252
10253
10254
10255
10256
10257
10258
10259
10260
10261
10262
10263
10264
10265
10266
10267
10268
10269
10270
10271
10272
10273
10274
10285
10286
10287
10288
10289
10290
10291
10292
10294
10295
10296
10297
10298
10299
10300
10301
10302
10304
10305
10307
10308
10310
10312
10398
10399
10400
10401
10403
10404
10405
10406
10407
10408
10409
10410
10411
10412
10413
10414
10415
10416
10417
10451
10452
10453
10455
10457
10458
10459
10460
10461
10462
10463
10465
10467
10469
10532
10533
10534
10535
10536
10551
10553
10586
10604
10605
10610
10631
10632
10633
10634
10635
10636
10660
10661
10662
10663
10664
10670
10700
10701
10702
10713
10715
10726
10727
10728
10729
10730
10731
10732
10733
10734
10735
10736
10754
10758
10793
10794
10795
10796
10798
10799
10829
10830
10841
10842
10843
10864
10865
10866
10867
10895
10901
10902
10927
10928
10929
10930
11025
11026
11064
11065
11066
11114
11115
11116
11117
11118
11132
11153
11154
11155
11156
11200
11201
11202
11218
11219
11220
11229
11230
11232
11233
11234
11275
11276
11289
11293
11294
11305
11309
11311
11312
11315
11320
11321
11322
11323
11324
11330
11331
11332
11333
11334
11341
11342
11343
11350
11351
11352
11353
11354
11355
11357
11360
11366
11367
11368
11369
11370
11371
11372
11373
11374
11375
11376
11377
11378
11379
11380
11381
11382
11384
11387
11390
11400
11401
11402
11403
11404
11405
11406
11407
11408
11409
11411
11412
11415
11416
11422
11423
11424
11425
11426
11427
11428
11429
11430
11431
11432
11434
11435
11437
11438
11439
11440
11441
11445
11446
11447
11457
11458
11459
11460
11461
11462
11463
11464
11465
11466
11467
11468
11472
11473
11474
11475
11476
11477
11478
11479
11481
11482
11490
11491
11492
11493
11494
11499
11500
11501
11502
11503
11505
11506
11507
11508
11509
11510
11511
11514
11515
11516
11517
11518
11524
11525
11526
11533
11534
11535
11536
11537
11538
11539
11545
11546
11547
11562
11563
11564
11565
11566
11567
11568
11570
11571
11580
11581
11582
11583
11584
11585
11586
11600
11627
11628
11629
11630
11631
11632
11633
11634
11635
11636
11637
11638
11639
11640
11641
11642
11643
11644
11645
11660
11720
11721
11722
11723
11724
11725
11726
11727
11728
11729
11730
11731
11732
11733
11734
11735
11736
11737
11738
11739
11752
11761
11804
11805
11806
11807
11808
11809
11810
11811
11812
11813
11814
11815
11816
11817
11818
11819
11820
11821
11822
11823
11824
11825
11826
11827
11828
11829
11844
11845
11853
11952
11959
11960
11961
11962
11963
11964
11965
11966
11967
11968
12045
12046
12047
12122
12131
12148
12149
12150
12151
12152
12153
12154
12155
12156
12157
12158
12159
12160
12161
12162
12163
12164
12165
12166
12167
12168
12169
12170
12171
12185
12186
12187
12196
12200
12201
12206
12207
12215
12216
12217
12218
12219
12220
12221
12222
12223
12224
12225
12226
12227
12228
12304
12313
12314
12315
12316
12384
12385
12391
12392
12509
12510
12529
12530
12531
12618
12619
12620
12621
12622
12623
12624
12625
12626
12627
12628
12629
12630
12631
12632
12645
12646
12647
12648
12649
12650
12651
12652
12653
12654
12655
12656
12675
12676
12677
12678
12679
12680
12681
12695
12696
12697
12698
12699
12700
12701
12702
12703
12704
12705
12706
12707
12708
12709
12710
12720
12722
12723
12725
12726
12728
12729
12730
12739
12740
12741
12742
12743
12744
12745
12746
12747
12748
12749
12750
12751
12752
12753
12754
12755
12756
12757
12758
12759
12760
12761
12762
12763
12764
12765
12766
12767
12768
12769
12770
12771
12772
12773
12774
12775
12776
12777
12778
12779
12780
12783
12784
12787
12789
12792
12793
12797
12798
12844
12845
12846
12847
12848
12849
12850
12851
12852
12853
12854
12855
12856
12857
12858
12859
12860
12861
12862
12863
12864
12865
12866
12867
12868
12869
12895
12896
12897
12898
12899
12900
12901
12902
12903
12904
12905
12906
12907
12908
12909
12910
12911
12912
12915
12916
12917
12918
12929
12930
12934
12935
12936
12937
12938
12939
12940
12942
12943
12944
12945
12946
12950
12951
12952
12963
12966
12969
12971
12973
13005
13006
13009
13023
13024
13025
13026
13027
13031
13032
13034
13035
13036
13037
13038
13048
13049
13050
13051
13052
13053
13054
13055
13062
13063
13064
13065
13066
13067
13069
13070
13071
13072
13079
13080
13081
13082
13083
13084
13116
13117
13118
13119
13120
13121
13122
13123
13124
13125
13126
13127
13128
13129
13130
13131
13132
13133
13134
13135
13136
13137
13138
13139
13140
13141
13142
13143
13172
13173
13174
13175
13176
13177
13178
13179
13180
13181
13182
13183
13184
13185
13186
13187
13188
13189
13190
13191
13192
13193
13194
13195
13196
13197
13198
13199
13200
13203
13204
13207
13210
13211
13217
13218
13224
13225
13228
13229
13230
13231
13232
13233
13234
13235
13236
13237
13238
13239
13240
13241
13242
13243
13246
13249
13252
13255
13259
13260
13261
13262
13263
13264
13265
13266
13267
13268
13269
13270
13271
13272
13273
13274
13275
13276
13277
13278
13279
13280
13281
13283
13284
13285
13286
13288
13289
13290
13291
13293
13294
13295
13296
13298
13300
13331
13332
13333
13334
13335
13336
13337
13338
13339
13340
13341
13342
13343
13344
13345
13346
13347
13348
13349
13350
13351
13352
13353
13354
13355
13356
13357
13358
13360
13361
13362
13363
13364
13366
13367
13368
13369
13370
13372
13373
13374
13375
13376
13378
13380
13415
13416
13417
13418
13419
13420
13421
13422
13423
13424
13425
13426
13427
13428
13429
13430
13431
13432
13433
13434
13435
13436
13437
13438
13439
13440
13441
13442
13443
13444
13445
13446
13447
13448
13449
13450
13451
13452
13453
13454
13455
13456
13457
13458
13459
13460
13461
13462
13463
13464
13466
13504
13505
13506
13507
13508
13509
13510
13511
13514
13515
13516
13517
13518
13519
13521
13567
13568
13569
13570
13571
13572
13573
13574
13575
13576
13577
13578
13579
13580
13582
13584
13586
13588
13641
13642
13644
13646
13647
13649
13651
13652
13653
13654
13656
13657
13668
13670
13671
13676
13679
13680
13681
13682
13683
13684
13685
13686
13687
13688
13689
13690
13691
13692
13693
13694
13695
13696
13697
13698
13699
13700
13701
13725
13726
13727
13728
13729
13730
13731
13732
13733
13734
13735
13736
13737
13738
13739
13740
13741
13742
13743
13744
13745
13746
13747
13749
13754
13760
13766
13771
13772
13773
13774
13775
13776
13777
13778
13779
13780
13781
13782
13783
13784
13785
13786
13787
13788
13789
13790
13791
13792
13793
13798
13803
13808
13813
13818
13819
13820
13821
13822
13823
13824
13825
13826
13827
13828
13829
13830
13831
13832
13833
13834
13835
13836
13837
13838
13839
13840
13841
13842
13843
13844
13845
13846
13847
13848
13849
13851
13852
13857
13858
13859
13861
13862
13867
13868
13869
13871
13872
13877
13878
13879
13883
13884
13905
13906
13907
13908
13909
13910
13911
13912
13913
13914
13915
13916
13917
13918
13919
13920
13921
13922
13923
13924
13925
13926
13927
13928
13929
13930
13931
13932
13933
13934
13935
13936
13937
13938
13939
13940
13941
13942
13943
13944
13946
13947
13948
13950
13955
13956
13957
13958
13959
13960
13962
13967
13968
13969
13970
13971
13972
13974
13979
13980
13981
13982
13986
13987
14012
14013
14014
14015
14016
14017
14018
14019
14020
14021
14022
14023
14024
14025
14026
14027
14028
14029
14030
14031
14032
14033
14034
14035
14036
14037
14038
14039
14040
14041
14042
14043
14044
14045
14046
14047
14048
14049
14050
14051
14052
14053
14054
14055
14056
14057
14058
14059
14060
14061
14062
14064
14069
14070
14071
14073
14074
14075
14076
14081
14082
14083
14084
14085
14086
14087
14088
14093
14094
14095
14096
14100
14101
14129
14130
14131
14132
14133
14134
14135
14136
14137
14138
14139
14140
14141
14142
14143
14144
14145
14146
14147
14148
14149
14150
14151
14155
14160
14165
14202
14203
14204
14205
14206
14207
14208
14209
14210
14211
14212
14213
14214
14215
14216
14217
14218
14219
14220
14221
14222
14223
14224
14225
14226
14227
14229
14230
14232
14234
14235
14236
14238
14240
14241
14244
14246
14250
14283
14284
14285
14286
14287
14288
14289
14290
14291
14292
14293
14294
14295
14296
14297
14298
14299
14300
14301
14302
14303
14304
14305
14306
14307
14308
14309
14310
14311
14315
14316
14317
14318
14320
14321
14322
14324
14326
14327
14328
14329
14330
14332
14333
14334
14335
14336
14338
14342
14368
14369
14370
14371
14372
14373
14374
14375
14376
14377
14378
14379
14380
14381
14382
14383
14384
14385
14483
14484
14485
14486
14487
14488
14489
14490
14491
14492
14493
14494
14495
14496
14497
14498
14499
14500
14501
14502
14503
14504
14505
14506
14507
14508
14509
14510
14511
14512
14513
14514
14515
14516
14517
14518
14519
14520
14521
14522
14523
14524
14525
14526
14527
14528
14529
14530
14531
14532
14533
14534
14535
14536
14537
14538
14539
14540
14541
14542
14543
14544
14545
14546
14547
14548
14549
14550
14551
14612
14613
14614
14615
14616
14617
14618
14619
14620
14621
14622
14623
14624
14625
14626
14627
14628
14629
14630
14631
14632
14633
14634
14635
14636
14637
14638
14639
14640
14641
14642
14643
14644
14645
14646
14647
14648
14649
14650
14651
14652
14653
14654
14655
14656
14657
14658
14659
14660
14661
14662
14663
14664
14665
14666
14667
14668
14669
14670
14671
14672
14673
14674
14675
14676
14677
14678
14679
14680
14682
14688
14691
14692
14700
14705
14708
14709
14715
14720
14723
14724
14730
14734
14737
14741
14742
14743
14744
14745
14746
14747
14748
14749
14750
14751
14752
14753
14754
14755
14756
14757
14758
14759
14760
14761
14762
14763
14764
14765
14766
14767
14768
14769
14770
14771
14772
14773
14774
14776
14783
14789
14795
14807
14808
14809
14810
14811
14812
14813
14814
14815
14816
14817
14818
14819
14820
14821
14822
14823
14824
14825
14826
14827
14828
14830
14831
14832
14833
14834
14835
14836
14837
14838
14839
14840
14841
14842
14843
14844
14845
14846
14847
14848
14849
14850
14851
14852
14853
14854
14855
14856
14857
14858
14859
14861
14864
14867
14870
14873
14874
14875
14879
14880
14881
14885
14886
14887
14891
14892
14893
14963
14964
14967
14968
14971
14972
14973
14974
14975
14976
14977
14978
15119
15120
15121
15122
15123
15124
15125
15126
15127
15128
15129
15130
15131
15132
15133
15134
15135
15136
15137
15138
15139
15140
15141
15142
15143
15144
15145
15146
15147
15148
15149
15150
15234
15235
15236
15237
15238
15239
15240
15241
15242
15450
15451
15452
15453
15454
15455
15456
15457
15458
15459
15460
15461
15465
15466
15467
15508
15509
15510
15511
15512
15513
15514
15515
15516
15520
15521
15522
15523
15524
15525
15526
15527
15664
15665
15666
15667
15668
15669
15718
15719
15720
15721
15722
15723
15724
15725
15726
15727
15728
15729
15730
15731
15732
15733
15734
15735
15736
15737
15738
15739
15740
15741
15742
15743
15744
15745
15746
15747
15748
15749
15750
15751
15752
15753
15866
15867
15868
15869
15870
15871
15872
15873
15874
15875
15876
15877
15882
15883
15884
15885
15890
15891
15892
15893
15894
15895
15896
15897
15898
15899
15900
15901
15902
15903
15904
15905
15906
15907
15908
15909
15910
15911
15912
15913
15914
15915
15916
15917
15918
15919
15920
15921
15922
15923
15924
15925
15926
15927
15928
15929
15930
15931
15932
15933
15934
15935
15936
15937
15938
15939
15940
15941
15942
15943
15944
15945
15946
15947
15948
15949
15950
15951
15952
15953
15954
15955
15956
15957
15958
15959
15960
15961
15962
15963
15964
15965
15966
15967
15968
15969
15970
15971
15972
15973
15974
15975
15976
15977
15978
15979
15980
15981
15982
15983
15984
15985
15986
15987
15988
15989
15990
15991
15992
15993
15994
15995
15996
15997
15998
15999
16000
16001
16002
16003
16004
16005
16006
16007
16008
16009
16010
16011
16012
16013
16014
16015
16016
16017
16018
16019
16020
16021
16022
16023
16024
16025
16026
16027
16028
16029
16030
16031
16032
16033
16034
16035
16036
16037
16038
16039
16040
16041
16042
16045
16046
16346
16347
16348
16349
16350
16351
16352
16353
16401
16402
16403
16404
16405
16406
16407
16408
16409
16410
16411
16412
16413
16414
16415
16416
16417
16418
16419
16420
16421
16422
16423
16424
16425
16426
16427
16428
16429
16430
16431
16432
16433
16434
16435
16436
16437
16438
16439
16440
16441
16442
16443
16444
16445
16446
16447
16448
16551
16552
16553
16554
16563
16564
16565
16566
16567
16568
16569
16570
16575
16576
16577
16578
16579
16580
16581
16582
16583
16584
16585
16586
16587
16588
16589
16590
16591
16592
16593
16594
16595
16596
16597
16598
16599
16600
16601
16602
16643
16644
16645
16646
16647
16648
16649
16650
16651
16652
16653
16654
16655
16656
16657
16658
16659
16660
16661
16685
16686
16687
16882
16883
16884
16885
16886
16887
16888
16889
16890
16891
16892
16893
16894
16895
16896
16897
16898
16899
16900
16901
16902
16903
16904
16905
17368
17369
17370
17371
17372
17373
17374
17375
17376
17377
17378
17379
17380
17381
17382
17383
17384
17385
17386
17387
17388
17389
17390
17391
17392
17393
17394
17395
17396
17397
17398
17399
17400
17401
17402
17403
17404
17405
17406
17407
17408
17409
17410
17411
17412
17413
17414
17415
17416
17417
17418
17419
17420
17421
17422
17423
17424
17425
17426
17427
17428
17429
17430
17431
17432
17433
17434
17435
17436
17437
17438
17439
17440
17441
17442
17443
17444
17445
17446
17447
17448
17449
17450
17451
17452
17453
17454
17455
17456
17457
17458
17459
17460
17461
17462
17463
17848
17849
17850
17851
17852
17853
17934
17935
17936
17937
17938
17939
17940
17941
17942
17943
17944
17945
17946
17947
17948
17949
17950
17951
17952
17953
17954
17955
17956
17957
17958
17959
17960
17961
17962
17963
17964
17965
17966
17967
17968
17969
17970
17971
17972
17973
18538
18539
18540
18541
18542
18543
18544
18545
18546
18547
18548
18549
18550
18551
18552
18553
18554
18555
18556
18557
18558
18559
18560
18561
18562
18563
18564
18565
18566
18567
18568
18569
18570
18571
18572
18573
18574
18575
18576
18577
18578
18579
18580
18581
18582
18583
18584
18585
18586
18587
18588
18589
18590
18591
18592
18593
18594
18595
18596
18597
18598
18599
18600
18601
18602
18603
18604
18605
18606
18607
18608
18609
18610
18611
18612
18613
18614
18615
18616
18617
18618
18619
18620
18621
18622
18623
18624
18625
18626
18627
18628
18629
18630
18631
18632
18633
18634
18635
18636
18637
18638
18639
18640
18641
18642
18643
18644
18645
18646
18647
18648
18649
18650
18651
18652
18653
18654
18655
18656
18657
18658
18659
18660
18661
18662
18663
18664
18665
18666
18667
18668
18669
18670
18671
18672
18673
18674
18675
18676
18677
18678
18679
18680
18681
18682
18683
18684
18685
18686
18687
18688
19133
19134
19135
19136
19137
19138
19139
19140
19141
19142
19143
19144
19145
19146
19147
19148
19153
19154
19155
19156
19165
19166
19167
19168
19785
19786
19787
19788
19789
19790
19791
19792
19793
19794
19795
19796
19801
19802
19803
19804
19805
19806
19807
19808
20104
20105
20106
20107
20108
20109
20110
20111
20112
20113
20114
20115
20116
20117
20118
20119
20120
20121
20122
20123
20784
20785
20786
20787
20788
20789
20790
20791
20792
20793
20794
20795
20796
20797
20798
20799
20800
20801
20802
20803
20804
20805
20806
20807
20808
20809
20810
20811
20812
20813
20814
20815
20816
20817
20818
20819
20820
20821
20822
20823
20824
20825
20826
20827
20883
20884
20885
20886
20887
20888
20889
20890
21029
21030
21031
21032
21137
21138
21139
21140
21141
21142
21143
21144
21145
21146
21147
21148
21149
21150
21151
21152
21153
21154
21155
21156
21157
21158
21159
21160
21161
21162
21163
21164
21165
21166
21167
21168
21169
21170
21171
21172
21173
21174
21175
21264
21265
21266
21267
21268
21269
21270
21275
21276
21277
21278
21295
21296
21297
21298
21299
21300
21301
21302
21322
21323
21324
21325
21326
21327
21328
21329
21330
21331
21332
21333
21334
21335
21336
21337
21338
21339
21340
21341
21342
21343
21344
21345
21474
21475
21476
21477
21478
21479
21480
21481
21482
21483
21484
21485
21486
21487
21488
21489
21490
21491
21492
21493
21494
21495
21496
21497
21498
21499
21500
21501
21502
21503
21504
21505
21506
21507
21508
21509
21510
21511
21512
21513
21514
21515
21516
21517
21518
21519
21520
21521
21522
21523
21524
21525
21646
21647
21648
21649
21702
21703
21704
21705
)


// ************************************************************************* //
