/*--------------------------------*- C++ -*----------------------------------*\
| =========                 |                                                 |
| \\      /  F ield         | OpenFOAM: The Open Source CFD Toolbox           |
|  \\    /   O peration     | Version:  2.3.0                                 |
|   \\  /    A nd           | Web:      www.OpenFOAM.org                      |
|    \\/     M anipulation  |                                                 |
\*---------------------------------------------------------------------------*/
FoamFile
{
    version     2.0;
    format      ascii;
    class       labelList;
    location    "constant/polyMesh";
    object      pointProcAddressing;
}
// * * * * * * * * * * * * * * * * * * * * * * * * * * * * * * * * * * * * * //


5496
(
14
15
16
57
58
59
100
101
143
144
186
187
389
390
432
433
475
476
604
605
647
648
690
691
733
734
776
777
905
906
948
949
991
992
1034
1035
1077
1078
1206
1207
1249
1250
1292
1293
1335
1336
1378
1379
1507
1508
1550
1551
1593
1594
1636
1637
2098
2099
2100
2111
2112
2113
2132
2134
2135
2136
2137
2148
2150
2151
2152
2153
2175
2176
2186
2188
2189
2212
2215
2216
2217
2218
2219
2220
2233
2235
2236
2237
2238
2250
2252
2253
2254
2255
2262
2263
2264
2278
2279
2280
2281
2282
2283
2285
2286
2310
2311
2312
2322
2323
2324
2334
2335
2336
2337
2338
2339
2341
2342
2357
2358
2359
2368
2369
2375
2376
2377
2381
2382
2383
2389
2390
2397
2398
2399
2412
2413
2416
2417
2418
2419
2420
2422
2437
2438
2439
2440
2441
2442
2443
2444
2445
2448
2473
2474
2477
2479
2480
2481
2482
2483
2484
2502
2503
2504
2505
2506
2507
2508
2509
2526
2528
2529
2530
2531
2549
2551
2552
2553
2554
2555
2556
2557
2558
2559
2560
2600
2601
2603
2604
2605
2606
2607
2608
2609
2610
2635
2636
2641
2642
2643
2644
2645
2646
2647
2648
2649
2650
2651
2652
2656
2720
2721
2728
2729
2730
2731
2732
2733
2734
2735
2736
2737
2738
2739
2740
2741
2742
2743
2767
2768
2769
2770
2771
2791
2794
2795
2796
2797
2798
2799
2800
2801
2817
2818
2819
2834
2835
2837
2838
2839
2840
2841
2843
2844
2865
2867
2868
2869
2870
2871
2872
2874
2875
2894
2897
2898
2899
2900
2901
2902
2903
2904
2930
2931
2932
2933
2934
2935
2966
2967
2968
2969
2975
2976
2977
2985
2987
2988
2989
2990
2999
3000
3001
3013
3014
3028
3029
3030
3031
3032
3053
3054
3059
3060
3061
3062
3063
3076
3077
3078
3079
3093
3094
3095
3096
3106
3107
3108
3109
3117
3118
3127
3128
3129
3130
3132
3152
3153
3165
3166
3167
3187
3188
3225
3226
3227
3228
3229
3230
3231
3232
3233
3234
3269
3270
3271
3306
3308
3309
3310
3311
3341
3346
3347
3348
3349
3350
3351
3352
3353
3402
3403
3404
3405
3408
3409
3410
3411
3412
3413
3414
3415
3417
3418
3419
3420
3421
3442
3443
3444
3469
3470
3471
3475
3476
3477
3486
3487
3488
3505
3506
3507
3508
3509
3510
3511
3512
3531
3532
3533
3534
3535
3536
3537
3548
3550
3551
3552
3553
3554
3555
3571
3572
3573
3574
3575
3576
3577
3578
3601
3602
3603
3604
3605
3606
3607
3608
3609
3610
3612
3660
3661
3662
3663
3664
3665
3666
3667
3676
3677
3678
3679
3680
3681
3682
3683
3684
3698
3699
3700
3701
3702
3703
3704
3720
3721
3727
3728
3729
3730
3731
3732
3765
3766
3767
3768
3769
3770
3771
3772
3773
3774
3775
3776
3777
3778
3779
3780
3781
3782
3783
3784
3828
3830
3831
3832
3833
3834
3835
3836
3880
3881
3882
3888
3889
3890
3891
3892
3893
3894
3895
3896
3897
3898
3899
3900
3901
3902
3903
3907
3984
3985
3987
3988
3989
3990
3991
3992
3993
3994
3995
3997
3998
4000
4013
4014
4015
4027
4028
4039
4040
4041
4042
4056
4057
4058
4059
4076
4077
4098
4099
4100
4101
4102
4103
4104
4105
4106
4107
4108
4109
4173
4174
4178
4179
4180
4181
4182
4183
4184
4185
4186
4187
4188
4189
4190
4191
4192
4193
4194
4195
4196
4197
4198
4202
4301
4302
4303
4304
4305
4306
4307
4308
4309
4310
4324
4325
4326
4327
4328
4329
4330
4331
4332
4360
4361
4362
4363
4364
4365
4366
4367
4368
4369
4370
4371
4372
4412
4413
4416
4417
4418
4419
4420
4421
4422
4423
4424
4425
4427
4428
4429
4456
4457
4460
4461
4462
4463
4464
4465
4466
4467
4468
4469
4471
4472
4473
4495
4496
4497
4498
4499
4500
4501
4524
4525
4526
4527
4528
4529
4530
4531
4532
4533
4534
4584
4585
4586
4587
4617
4618
4619
4620
4621
4629
4630
4631
4635
4636
4641
4642
4643
4649
4650
4655
4656
4657
4663
4664
4678
4680
4682
4683
4684
4685
4686
4687
4688
4689
4691
4692
4717
4719
4720
4721
4722
4723
4724
4725
4735
4736
4743
4745
4747
4748
4749
4750
4751
4752
4754
4756
4766
4768
4769
4770
4771
4773
4789
4790
4791
4850
4851
4852
4853
4854
4855
4856
4857
4858
4859
4860
4861
4862
4863
4864
4865
4866
4867
4868
4869
4870
4871
4872
4873
4874
4875
4876
4877
4878
4882
4926
4927
4928
4929
4930
4931
4932
4933
4934
4935
4936
4937
4938
4939
4940
4941
4942
4973
4974
4975
4976
4977
4978
4979
4980
4981
4982
4983
4984
4985
4986
4987
4988
4989
4990
4991
4992
4993
4994
4995
4996
4997
4998
4999
5000
5030
5031
5032
5033
5034
5035
5036
5037
5038
5039
5040
5041
5062
5063
5064
5065
5066
5067
5068
5069
5070
5071
5072
5073
5087
5088
5089
5090
5091
5092
5093
5094
5095
5096
5097
5100
5101
5114
5115
5124
5125
5127
5147
5148
5158
5159
5160
5161
5162
5163
5164
5165
5166
5167
5189
5190
5192
5209
5210
5211
5212
5213
5214
5215
5216
5225
5226
5234
5235
5236
5237
5238
5239
5240
5241
5242
5243
5258
5268
5269
5271
5272
5273
5274
5275
5276
5277
5278
5279
5280
5281
5282
5330
5331
5332
5333
5334
5335
5336
5337
5338
5339
5340
5341
5342
5343
5344
5358
5359
5360
5361
5362
5363
5389
5396
5397
5398
5399
5400
5401
5402
5403
5404
5405
5406
5407
5430
5431
5435
5436
5437
5438
5474
5479
5480
5481
5482
5483
5484
5485
5486
5487
5488
5502
5503
5504
5505
5506
5507
5527
5528
5529
5530
5531
5532
5533
5535
5536
5537
5538
5539
5540
5541
5542
5543
5544
5549
5550
5551
5552
5596
5598
5599
5600
5601
5602
5603
5604
5605
5607
5624
5625
5630
5632
5633
5634
5635
5636
5637
5638
5639
5640
5641
5642
5643
5652
5653
5654
5663
5664
5665
5681
5682
5683
5684
5685
5686
5687
5688
5689
5690
5691
5692
5693
5694
5697
5698
5699
5700
5726
5727
5728
5729
5730
5731
5732
5733
5734
5735
5736
5737
5738
5739
5740
5741
5742
5743
5744
5745
5746
5747
5748
5755
5797
5798
5807
5808
5809
5810
5811
5812
5819
5820
5824
5825
5826
5827
5828
5829
5830
5831
5832
5833
5834
5835
5836
5837
5838
5839
5840
5841
5859
5860
5861
5862
5863
5864
5865
5866
5888
5891
5892
5893
5894
5895
5896
5897
5898
5899
5900
5901
5902
5953
5954
5956
5958
5959
5960
5961
5962
5963
5964
5965
5966
5967
6038
6039
6044
6045
6046
6047
6048
6049
6050
6051
6052
6053
6054
6055
6074
6075
6076
6077
6078
6088
6089
6092
6094
6095
6096
6097
6098
6099
6100
6101
6102
6103
6104
6105
6115
6116
6117
6118
6120
6121
6122
6123
6124
6125
6126
6131
6141
6142
6143
6144
6159
6160
6161
6171
6172
6173
6174
6175
6176
6177
6178
6179
6180
6181
6182
6217
6218
6219
6220
6221
6222
6223
6224
6225
6226
6227
6228
6229
6230
6231
6232
6233
6234
6235
6236
6237
6238
6240
6272
6274
6275
6276
6277
6278
6279
6280
6281
6282
6283
6284
6285
6286
6287
6288
6289
6290
6291
6292
6293
6323
6324
6325
6326
6327
6328
6329
6330
6331
6332
6333
6334
6335
6336
6337
6338
6339
6340
6341
6342
6367
6368
6369
6370
6371
6372
6373
6374
6375
6376
6377
6378
6379
6380
6381
6382
6403
6404
6405
6406
6407
6408
6409
6410
6425
6426
6427
6428
6429
6430
6431
6432
6433
6434
6435
6436
6461
6462
6463
6464
6465
6466
6467
6468
6478
6480
6481
6482
6483
6484
6485
6486
6510
6511
6512
6513
6514
6515
6516
6517
6518
6530
6532
6533
6546
6547
6548
6549
6550
6551
6552
6553
6554
6555
6556
6557
6558
6559
6561
6562
6563
6564
6565
6566
6567
6604
6606
6607
6611
6612
6613
6614
6615
6616
6617
6618
6619
6621
6622
6623
6624
6639
6641
6642
6643
6644
6645
6646
6653
6654
6655
6656
6657
6658
6659
6660
6661
6670
6671
6672
6673
6674
6675
6676
6677
6678
6679
6680
6681
6683
6684
6685
6694
6695
6696
6697
6698
6699
6701
6706
6707
6708
6709
6710
6711
6712
6713
6714
6715
6716
6717
6718
6719
6720
6721
6722
6723
6724
6725
6738
6739
6740
6741
6742
6743
6744
6745
6746
6747
6753
6754
6755
6756
6757
6758
6759
6760
6761
6762
6763
6764
6765
6766
6787
6789
6790
6791
6792
6793
6794
6795
6796
6797
6798
6800
6814
6815
6816
6817
6818
6819
6820
6821
6839
6841
6843
6844
6845
6846
6847
6848
6851
6852
6881
6890
6891
6892
6893
6894
6895
6896
6897
6898
6899
6900
6901
6902
6903
6904
6905
6906
6907
6908
6909
6910
6911
6945
6947
6949
6950
6951
6952
6953
6954
6957
6958
6981
6986
6987
6988
6989
6990
6991
6992
6993
6994
6995
6996
6997
7063
7064
7065
7067
7071
7072
7073
7074
7075
7076
7082
7083
7084
7085
7086
7087
7088
7089
7090
7091
7092
7093
7094
7095
7096
7097
7098
7099
7100
7101
7102
7103
7104
7105
7106
7107
7108
7109
7110
7111
7112
7113
7114
7116
7117
7118
7119
7120
7126
7127
7128
7129
7130
7131
7134
7267
7268
7269
7270
7274
7275
7279
7280
7281
7282
7283
7284
7285
7286
7287
7288
7289
7290
7291
7292
7293
7294
7295
7296
7297
7298
7299
7300
7331
7332
7334
7335
7336
7337
7338
7339
7340
7341
7342
7343
7367
7368
7369
7370
7371
7372
7373
7374
7376
7380
7381
7382
7383
7384
7389
7390
7391
7392
7393
7394
7395
7396
7397
7398
7399
7400
7401
7402
7403
7404
7405
7406
7407
7408
7409
7410
7411
7412
7413
7414
7415
7416
7417
7418
7419
7420
7429
7431
7432
7433
7438
7439
7440
7441
7442
7485
7486
7487
7488
7493
7494
7495
7496
7497
7498
7499
7500
7501
7502
7503
7504
7505
7506
7507
7508
7509
7510
7515
7516
7517
7518
7544
7545
7546
7547
7575
7576
7577
7578
7579
7580
7581
7582
7583
7584
7585
7660
7661
7662
7663
7671
7672
7673
7674
7675
7676
7677
7678
7679
7680
7681
7682
7752
7757
7760
7761
7762
7763
7764
7765
7766
7767
7768
7769
7770
7771
7772
7773
7774
7775
7776
7777
7778
7779
7780
7781
7782
7783
7784
7785
7786
7787
7788
7789
7790
7791
7792
7793
7794
7795
7796
7797
7798
7799
7800
7801
7802
7803
7804
7805
7806
7807
7808
7809
7810
7811
7812
7813
7814
7815
7818
7899
7900
7901
7902
7903
7904
7905
7906
7907
7908
7909
7910
7911
7912
7913
7914
7915
7916
7917
7918
7919
7920
7921
7922
7923
7924
7925
7926
7927
7928
7929
7930
7931
7932
7933
7934
7935
7985
7990
7992
7993
7994
7995
7996
7997
7998
7999
8000
8001
8002
8003
8004
8005
8006
8007
8008
8009
8010
8011
8012
8013
8014
8015
8016
8017
8018
8019
8020
8021
8022
8023
8024
8025
8026
8027
8028
8029
8030
8031
8032
8033
8034
8035
8036
8037
8038
8039
8040
8041
8042
8043
8094
8096
8097
8098
8099
8100
8101
8102
8103
8104
8105
8106
8107
8108
8109
8110
8111
8112
8113
8114
8115
8116
8117
8118
8119
8120
8121
8122
8152
8153
8154
8155
8156
8168
8169
8170
8171
8172
8193
8194
8195
8196
8197
8198
8199
8200
8213
8214
8215
8220
8221
8223
8224
8225
8226
8227
8228
8229
8230
8243
8244
8245
8252
8253
8255
8256
8257
8258
8259
8260
8261
8262
8263
8264
8265
8266
8267
8268
8269
8286
8287
8288
8292
8293
8297
8298
8305
8306
8307
8309
8311
8312
8313
8314
8316
8322
8323
8332
8333
8334
8335
8336
8337
8338
8339
8341
8356
8357
8358
8359
8360
8361
8362
8363
8364
8365
8366
8367
8368
8369
8389
8390
8391
8392
8393
8394
8409
8410
8411
8412
8413
8414
8415
8416
8417
8425
8426
8427
8428
8429
8430
8431
8432
8433
8434
8435
8436
8437
8438
8456
8457
8458
8459
8460
8461
8469
8470
8471
8472
8473
8474
8475
8476
8477
8478
8479
8480
8486
8487
8495
8496
8497
8498
8499
8500
8501
8502
8516
8517
8521
8522
8523
8532
8533
8534
8540
8541
8542
8544
8545
8546
8547
8548
8549
8550
8551
8552
8553
8554
8555
8556
8557
8562
8567
8568
8569
8570
8571
8572
8573
8574
8575
8577
8578
8579
8595
8596
8597
8600
8601
8605
8606
8607
8611
8612
8625
8629
8630
8631
8632
8633
8634
8649
8650
8651
8653
8654
8655
8656
8657
8658
8659
8663
8664
8665
8666
8667
8668
8669
8670
8671
8672
8673
8674
8680
8681
8683
8684
8685
8686
8687
8688
8696
8697
8698
8704
8705
8706
8707
8713
8714
8719
8720
8725
8726
8727
8731
8732
8736
8737
8744
8747
8748
8749
8750
8751
8752
8753
8754
8755
8757
8758
8768
8769
8770
8771
8772
8773
8774
8775
8790
8791
8792
8793
8794
8795
8796
8797
8809
8810
8811
8812
8813
8814
8815
8816
8817
8818
8819
8820
8828
8829
8830
8831
8832
8833
8834
8835
8848
8849
8850
8851
8852
8853
8854
8855
8874
8875
8876
8877
8878
8879
8880
8881
8882
8883
8884
8885
8886
8887
8888
8889
8890
8891
8892
8893
8894
8895
8896
8897
8898
8899
8900
8901
8902
8903
8915
8916
8931
8932
8933
8934
8935
8936
8937
8938
8939
8940
8941
8942
8943
8944
8945
8946
8947
8948
8949
8950
8972
8976
8977
8978
8979
8980
8981
8982
8983
8997
8999
9000
9001
9002
9003
9004
9009
9010
9011
9012
9013
9014
9015
9016
9017
9018
9019
9020
9021
9022
9023
9024
9025
9026
9033
9035
9036
9038
9039
9040
9041
9042
9043
9044
9045
9046
9048
9049
9057
9058
9059
9060
9061
9062
9063
9064
9065
9066
9067
9068
9081
9082
9083
9084
9085
9086
9087
9088
9098
9099
9109
9110
9111
9112
9113
9114
9115
9116
9117
9118
9144
9145
9146
9147
9148
9149
9150
9151
9152
9158
9159
9160
9161
9166
9167
9168
9169
9170
9171
9172
9173
9174
9175
9176
9177
9178
9179
9180
9181
9182
9183
9184
9185
9189
9190
9191
9192
9193
9216
9217
9218
9219
9220
9221
9222
9223
9246
9247
9248
9249
9250
9251
9252
9253
9254
9255
9256
9257
9258
9259
9260
9261
9262
9263
9264
9265
9266
9271
9272
9273
9293
9301
9305
9306
9307
9308
9309
9310
9311
9312
9313
9314
9315
9316
9317
9318
9319
9320
9321
9322
9323
9324
9325
9326
9327
9328
9329
9330
9331
9332
9333
9334
9335
9336
9337
9338
9383
9385
9387
9388
9389
9390
9391
9392
9393
9394
9395
9396
9397
9398
9399
9400
9401
9402
9403
9404
9405
9406
9407
9408
9437
9438
9439
9440
9441
9442
9443
9444
9445
9446
9447
9448
9449
9450
9451
9465
9466
9467
9468
9469
9470
9471
9472
9473
9474
9475
9476
9477
9478
9479
9480
9481
9482
9506
9507
9508
9509
9510
9511
9512
9513
9514
9515
9516
9517
9518
9519
9520
9521
9532
9533
9534
9535
9536
9542
9543
9544
9545
9546
9553
9555
9556
9557
9558
9564
9565
9566
9567
9568
9574
9575
9576
9579
9580
9581
9586
9587
9588
9589
9590
9591
9592
9593
9594
9603
9604
9605
9606
9607
9608
9609
9610
9611
9674
9675
9676
9684
9685
9686
9693
9694
9695
9701
9702
9715
9716
9717
9718
9719
9753
9755
9756
9757
9758
9759
9760
9762
9787
9788
9789
9790
9791
9792
9793
9794
9826
9828
9829
9830
9831
9832
9833
9835
9850
9851
9852
9853
9869
9870
9871
9872
9873
9874
9875
9876
9877
9880
9910
9911
9912
9913
10107
10108
10109
10110
10111
10112
10113
10114
10327
10328
10361
10362
10383
10384
10385
10386
10387
10388
10389
10390
10391
10392
10433
10434
10435
10436
10437
10438
10439
10440
10441
10442
10443
10444
10481
10482
10483
10484
10506
10507
10509
10526
10527
10529
10545
10546
10548
10563
10564
10566
10577
10589
10590
10591
10613
10614
10615
10616
10617
10618
10644
10645
10646
10647
10648
10649
10650
10651
10676
10677
10678
10679
10680
10681
10749
10750
10767
10771
10772
10773
10774
10775
10776
10777
10778
10805
10806
10807
10811
10812
10813
10814
10815
10816
10817
10818
10819
10820
10821
10822
10850
10851
10874
10875
10876
10907
10908
10910
10911
10912
10913
10914
10915
10916
10917
10918
10939
10940
10952
10953
10954
10965
10966
10972
10973
10974
10983
10984
11039
11040
11044
11045
11046
11047
11048
11049
11050
11051
11052
11053
11075
11076
11078
11079
11080
11081
11082
11083
11084
11085
11086
11087
11088
11138
11140
11141
11142
11143
11144
11145
11172
11173
11174
11175
11176
11177
11178
11179
11180
11181
11182
11183
11184
11185
11189
11190
11259
11260
11261
11262
11263
11264
11265
11266
11267
11268
11692
11693
11884
11886
11888
11889
11890
11891
11892
11893
11896
11897
11931
11932
11935
11937
11938
11939
11940
11941
11942
11943
11944
11946
11948
11950
11981
11982
11985
11986
11987
11988
11989
11990
11992
11994
12015
12018
12019
12020
12067
12072
12073
12074
12075
12076
12077
12078
12079
12080
12081
12082
12083
12084
12085
12086
12087
12088
12089
12090
12091
12092
12093
12095
12098
12247
12251
12252
12253
12254
12255
12259
12260
12261
12262
12263
12264
12265
12266
12267
12268
12269
12270
12271
12272
12273
12274
12275
12276
12277
12278
12279
12284
12285
12286
12341
12346
12347
12348
12349
12350
12351
12352
12353
12354
12355
12356
12357
12358
12359
12360
12361
12362
12441
12445
12446
12447
12449
12450
12451
12452
12453
12454
12455
12456
12457
12460
12491
12492
12493
12494
12495
12496
12497
12498
12499
12500
12501
12536
12537
12538
12539
12540
12541
12542
12543
12544
12545
12547
12606
12607
12608
12609
12610
12611
12891
12892
12893
12921
12923
12924
12926
12980
12981
12982
12983
12984
12997
12998
12999
13000
13013
13014
13015
13016
13017
13099
13100
13101
13102
13529
13530
13531
13532
13533
13534
13535
13536
13618
13619
13620
13621
13622
13623
14426
14429
14430
14431
14432
14433
14434
14435
14436
14437
14438
14439
14440
14915
14916
14917
14918
14919
14920
14921
14922
14923
14924
14925
14926
14927
14928
14929
14930
14931
14932
14933
14934
14935
14936
14937
14938
14939
14940
14941
14942
14943
14944
14945
14946
14995
14996
14997
14998
14999
15000
15001
15002
15003
15004
15005
15006
15007
15008
15009
15010
15011
15012
15013
15014
15015
15016
15017
15018
15019
15020
15021
15022
15023
15024
15025
15026
15089
15090
15091
15092
15093
15094
15095
15096
15097
15098
15099
15100
15101
15102
15103
15104
15151
15152
15153
15154
15155
15156
15157
15158
15167
15168
15169
15170
15171
15172
15173
15174
15175
15176
15177
15178
15179
15180
15181
15182
15183
15184
15185
15186
15187
15188
15189
15190
15191
15192
15193
15194
15203
15204
15205
15206
15262
15263
15264
15265
15274
15275
15276
15277
15278
15279
15280
15281
15282
15283
15284
15285
15286
15287
15288
15289
15290
15291
15292
15293
15294
15295
15296
15297
15298
15299
15300
15301
15302
15303
15304
15305
15306
15307
15308
15309
15476
15477
15478
15479
15480
15481
15482
15483
15484
15485
15486
15487
15488
15489
15490
15491
15536
15537
15538
15539
15540
15541
15542
15543
15544
15545
15546
15547
15548
15549
15550
15551
15686
15687
15688
15689
15690
15691
15692
15693
15694
15695
15696
15697
15698
15699
15700
15701
15786
15787
15788
15789
15790
15791
15792
15793
15794
15795
15796
15797
15798
15799
15800
15801
15802
15803
15804
15805
15806
15807
15808
15809
15810
15811
15812
15813
15814
15815
15816
15817
15818
15819
15820
15821
15822
15823
15824
15825
15826
15827
15828
15829
15830
15831
15832
15833
16095
16096
16097
16098
16103
16104
16105
16106
16115
16116
16117
16118
16119
16120
16121
16122
16123
16124
16125
16126
16127
16128
16129
16130
16131
16132
16133
16134
16135
16136
16137
16138
16139
16140
16141
16142
16143
16144
16145
16146
16147
16148
16149
16150
16151
16152
16153
16154
16155
16156
16157
16158
16159
16160
16161
16162
16163
16164
16165
16166
16167
16168
16169
16170
16171
16172
16173
16174
16175
16176
16177
16178
16179
16180
16181
16182
16183
16184
16185
16186
16187
16188
16189
16190
16191
16192
16193
16194
16195
16196
16197
16198
16199
16200
16201
16202
16203
16204
16205
16206
16207
16208
16209
16210
16211
16212
16213
16214
16215
16216
16217
16218
16219
16220
16221
16222
16223
16224
16225
16226
16227
16228
16229
16230
16231
16232
16233
16234
16235
16236
16237
16238
16455
16456
16457
16458
16459
16460
16461
16462
16463
16464
16465
16466
16467
16468
16469
16470
16471
16472
16473
16474
16475
16476
16477
16478
16479
16480
16481
16482
16483
16484
16485
16486
16487
16488
16489
16490
16491
16492
16493
16494
16495
16496
16497
16498
16499
16500
16501
16502
16503
16504
16505
16506
16511
16512
16513
16514
16515
16516
16517
16518
16519
16520
16521
16522
16523
16524
16525
16526
16726
16727
16728
16729
16738
16739
16740
16741
16742
16743
16744
16745
16750
16751
16752
16753
16754
16755
16756
16757
16758
16759
16760
16761
16762
16763
16764
16765
16766
16767
16768
16769
16770
16771
16772
16773
16774
16775
16776
16777
16778
16779
16780
16781
16782
16783
16784
16785
16786
16787
16788
16789
16790
16791
16792
16793
16794
16795
16796
16797
16798
16799
16800
16801
16802
16803
16804
16805
16806
16807
16808
16809
16810
16811
16812
16813
16946
16947
16948
16949
16950
16951
16952
16953
16954
16955
16956
16957
16958
16959
16960
16961
16962
16963
16964
16965
16966
16967
16968
16969
16970
16971
16972
16973
16974
16975
16976
16977
16978
16979
16980
16981
16982
16983
16984
16985
16986
16987
16988
16989
16990
16991
16992
16993
16994
16995
16996
16997
16998
16999
17000
17001
17002
17003
17004
17005
17006
17007
17008
17009
17022
17023
17024
17025
17152
17153
17154
17155
17156
17157
17158
17159
17160
17161
17162
17163
17164
17165
17166
17167
17168
17169
17170
17171
17172
17173
17174
17175
17176
17177
17178
17179
17180
17181
17182
17183
17184
17185
17186
17187
17188
17189
17190
17191
17192
17193
17194
17195
17196
17197
17198
17199
17200
17201
17202
17203
17204
17205
17206
17207
17208
17209
17210
17211
17212
17213
17214
17215
17216
17217
17218
17219
17220
17221
17222
17223
17224
17225
17226
17227
17228
17229
17230
17231
17232
17233
17234
17235
17236
17237
17238
17239
17240
17241
17242
17243
17244
17245
17246
17247
17248
17249
17250
17251
17252
17253
17254
17255
17256
17257
17258
17259
17260
17261
17262
17263
17264
17265
17266
17267
17268
17269
17270
17271
17272
17273
17274
17275
17276
17277
17278
17279
17280
17281
17282
17283
17284
17285
17286
17287
17288
17289
17290
17291
17292
17293
17294
17295
17296
17297
17298
17299
17300
17301
17302
17303
17304
17305
17306
17307
17480
17481
17482
17483
17484
17485
17486
17487
17488
17489
17490
17491
17492
17493
17494
17495
17496
17497
17498
17499
17500
17501
17502
17503
17504
17505
17506
17507
17508
17509
17510
17511
17512
17513
17514
17515
17516
17517
17518
17519
17520
17521
17522
17523
17524
17525
17526
17527
17528
17529
17530
17531
17532
17533
17534
17535
17536
17537
17538
17539
17540
17541
17542
17543
17610
17611
17612
17613
17614
17615
17616
17617
17618
17619
17620
17621
17622
17623
17624
17625
17638
17639
17640
17641
17642
17643
17644
17645
17646
17647
17648
17649
17650
17651
17652
17653
17654
17655
17656
17657
17658
17659
17660
17661
17662
17663
17664
17665
17666
17667
17668
17669
17670
17671
17672
17673
17674
17675
17676
17677
17678
17679
17680
17681
17682
17683
17684
17685
17686
17687
17688
17689
17690
17691
17692
17693
17694
17695
17696
17697
17714
17715
17716
17717
17718
17719
17720
17721
17722
17723
17724
17725
18014
18015
18016
18017
18018
18019
18020
18021
18022
18023
18024
18025
18026
18027
18028
18029
18030
18031
18032
18033
18034
18035
18036
18037
18038
18039
18040
18041
18042
18043
18044
18045
18046
18047
18048
18049
18050
18051
18052
18053
18054
18055
18056
18057
18058
18059
18060
18061
18062
18063
18064
18065
18066
18067
18068
18069
18070
18071
18072
18073
18074
18075
18076
18077
18078
18079
18080
18081
18082
18083
18084
18085
18086
18087
18088
18089
18090
18091
18092
18093
18094
18095
18096
18097
18106
18107
18108
18109
18110
18111
18112
18113
18250
18251
18252
18253
18254
18255
18256
18257
18258
18259
18260
18261
18262
18263
18264
18265
18266
18267
18268
18269
18270
18271
18272
18273
18274
18275
18276
18277
18278
18279
18280
18281
18282
18283
18284
18285
18286
18287
18288
18289
18290
18291
18292
18293
18294
18295
18296
18297
18298
18299
18300
18301
18302
18303
18304
18305
18306
18307
18308
18309
18310
18311
18312
18313
18314
18315
18316
18317
18318
18319
18320
18321
18322
18323
18324
18325
18326
18327
18328
18329
18330
18331
18332
18333
18334
18335
18336
18337
18338
18339
18340
18341
18342
18343
18344
18345
18346
18347
18348
18349
18350
18351
18352
18353
18354
18355
18356
18357
18358
18359
18360
18361
18362
18363
18364
18365
18366
18367
18368
18369
18370
18371
18372
18373
18374
18375
18376
18377
18378
18379
18380
18381
18382
18383
18384
18385
18386
18387
18388
18389
18390
18391
18392
18393
18394
18395
18396
18397
18398
18399
18400
18401
18402
18403
18404
18405
18406
18407
18408
18409
18410
18411
18412
18413
18414
18415
18416
18417
18418
18419
18420
18421
18422
18423
18424
18425
18426
18427
18428
18429
18430
18431
18432
18433
18434
18435
18436
18437
18438
18439
18440
18441
18442
18443
18444
18445
18446
18447
18448
18449
18450
18451
18452
18453
18454
18455
18456
18457
18458
18459
18460
18461
18494
18495
18496
18497
18498
18499
18500
18501
18709
18710
18711
18712
18713
18714
18715
18716
18717
18718
18719
18720
18721
18722
18723
18724
18725
18726
18727
18728
18729
18730
18731
18732
18733
18734
18735
18736
18737
18738
18739
18740
18741
18742
18743
18744
18745
18746
18747
18748
18749
18750
18751
18752
18753
18754
18755
18756
18757
18758
18759
18760
18761
18762
18763
18764
18765
18766
18767
18768
18769
18770
18771
18772
18773
18774
18775
18776
18777
18778
18779
18780
18781
18782
18783
18784
18785
18786
18787
18788
18873
18874
18875
18876
18881
18882
18883
18884
18885
18886
18887
18888
18889
18890
18891
18892
18893
18894
18895
18896
18897
18898
18899
18900
18901
18902
18903
18904
18905
18906
18907
18908
18909
18910
18911
18912
18913
18914
18915
18916
18917
18918
18919
18920
18921
18922
18923
18924
18925
18926
18927
18928
18929
18930
18931
18932
18933
18934
18935
18936
19025
19026
19027
19028
19029
19030
19031
19032
19033
19034
19035
19036
19037
19038
19039
19040
19041
19042
19043
19044
19045
19046
19047
19048
19049
19050
19051
19052
19053
19054
19055
19056
19057
19058
19059
19060
19061
19062
19063
19064
19065
19066
19067
19068
19069
19070
19071
19072
19073
19074
19075
19076
19077
19078
19079
19080
19081
19082
19083
19084
19085
19086
19087
19088
19089
19090
19091
19092
19093
19094
19095
19096
19097
19098
19099
19100
19101
19102
19103
19104
19105
19106
19107
19108
19109
19110
19111
19112
19113
19114
19115
19116
19117
19118
19119
19120
19121
19122
19123
19124
19125
19126
19127
19128
19129
19130
19131
19132
19185
19186
19187
19188
19189
19190
19191
19192
19193
19194
19195
19196
19197
19198
19199
19200
19201
19202
19203
19204
19205
19206
19207
19208
19209
19210
19211
19212
19213
19214
19215
19216
19269
19270
19271
19272
19273
19274
19275
19276
19277
19278
19279
19280
19281
19282
19283
19284
19285
19286
19287
19288
19289
19290
19291
19292
19293
19294
19295
19296
19297
19298
19299
19300
19301
19302
19303
19304
19305
19306
19307
19308
19389
19390
19391
19392
19393
19394
19395
19396
19397
19398
19399
19400
19401
19402
19403
19404
19405
19406
19407
19408
19409
19410
19411
19412
19413
19414
19415
19416
19417
19418
19419
19420
19421
19422
19423
19424
19425
19426
19427
19428
19429
19430
19431
19432
19433
19434
19435
19436
19437
19438
19439
19440
19441
19442
19443
19444
19445
19446
19447
19448
19449
19450
19451
19452
19453
19454
19455
19456
19457
19458
19459
19460
19485
19486
19487
19488
19489
19490
19491
19492
19493
19494
19495
19496
19497
19498
19499
19500
19501
19502
19503
19504
19505
19506
19507
19508
19509
19510
19511
19512
19513
19514
19515
19516
19549
19550
19551
19552
19553
19554
19555
19556
19557
19558
19559
19560
19561
19562
19563
19564
19565
19566
19567
19568
19569
19570
19571
19572
19573
19574
19575
19576
19577
19578
19579
19580
19653
19654
19655
19656
19657
19658
19659
19660
19661
19662
19663
19664
19665
19666
19667
19668
19669
19670
19671
19672
19673
19674
19675
19676
19677
19678
19679
19680
19681
19682
19683
19684
19685
19686
19687
19688
19689
19690
19691
19692
19693
19694
19695
19696
19697
19698
19699
19700
19701
19702
19703
19704
19705
19706
19707
19708
19709
19710
19711
19712
19713
19714
19715
19716
19717
19718
19719
19720
19721
19722
19723
19724
19725
19726
19727
19728
19729
19730
19731
19732
19733
19734
19735
19736
19737
19738
19739
19740
19741
19742
19743
19744
19745
19746
19747
19748
19773
19774
19775
19776
19777
19778
19779
19780
19781
19782
19783
19784
19837
19838
19839
19840
19841
19842
19843
19844
19845
19846
19847
19848
19849
19850
19851
19852
19853
19854
19855
19856
19857
19858
19859
19860
19861
19862
19863
19864
19865
19866
19867
19868
19869
19870
19871
19872
19873
19874
19875
19876
19936
19937
19938
19939
19944
19945
19946
19947
19948
19949
19950
19951
19952
19953
19954
19955
19956
19957
19958
19959
19960
19961
19962
19963
19964
19965
19966
19967
20024
20025
20026
20027
20028
20029
20030
20031
20032
20033
20034
20035
20036
20037
20038
20039
20040
20041
20042
20043
20044
20045
20046
20047
20048
20049
20050
20051
20052
20053
20054
20055
20056
20057
20058
20059
20060
20061
20062
20063
20064
20065
20066
20067
20068
20069
20070
20071
20072
20073
20074
20075
20076
20077
20078
20079
20080
20081
20082
20083
20124
20125
20126
20127
20128
20129
20130
20131
20132
20133
20134
20135
20136
20137
20138
20139
20140
20141
20142
20143
20144
20145
20146
20147
20148
20149
20150
20151
20152
20153
20154
20155
20156
20157
20158
20159
20160
20161
20162
20163
20204
20205
20206
20207
20208
20209
20210
20211
20212
20213
20214
20215
20216
20217
20218
20219
20248
20249
20250
20251
20252
20253
20254
20255
20256
20257
20258
20259
20260
20261
20262
20263
20264
20265
20266
20267
20268
20269
20270
20271
20313
20314
20315
20316
20317
20318
20319
20320
20321
20322
20323
20324
20325
20326
20327
20328
20387
20388
20389
20390
20391
20392
20393
20394
20395
20396
20397
20398
20399
20400
20401
20402
20403
20404
20405
20406
20407
20408
20409
20410
20411
20412
20413
20414
20415
20416
20417
20418
20419
20420
20421
20422
20423
20424
20425
20426
20427
20428
20429
20430
20431
20432
20433
20434
20435
20436
20437
20438
20439
20440
20441
20442
20503
20504
20505
20506
20507
20508
20509
20510
20520
20521
20522
20523
20524
20525
20526
20527
20528
20529
20530
20531
20532
20533
20534
20535
20540
20541
20542
20543
20661
20662
20663
20664
20665
20666
20667
20668
20669
20670
20671
20672
20673
20674
20675
20676
20677
20678
20679
20680
20681
20682
20683
20684
20685
20686
20687
20688
20689
20690
20691
20692
20693
20694
20695
20696
20697
20698
20699
20700
20701
20702
20703
20704
20705
20706
20707
20708
20709
20710
20711
20712
20713
20714
20715
20716
20717
20718
20719
20720
20835
20836
20837
20838
20839
20840
20841
20842
20843
20844
20845
20846
20847
20848
20849
20850
20851
20852
20853
20854
20855
20856
20857
20858
20859
20860
20861
20862
20895
20896
20897
20898
20899
20900
20901
20902
20907
20908
20909
20910
20911
20912
20913
20914
20915
20916
20917
20918
20919
20920
20921
20922
20923
20924
20925
20926
20927
20928
20929
20930
20931
20932
20933
20934
20935
20936
20937
20938
20939
20940
20941
20942
20943
20944
20945
20946
20947
20948
20949
20950
20951
20952
20953
20954
20955
20956
20957
20958
20959
20960
20961
20962
20963
20964
20965
20966
20967
20968
20969
20970
20971
20972
20973
20974
20975
20976
20977
20978
20979
20980
20981
20982
21035
21036
21037
21038
21039
21040
21041
21042
21043
21044
21045
21046
21081
21082
21083
21084
21089
21090
21091
21092
21093
21094
21095
21096
21097
21098
21099
21100
21101
21102
21103
21104
21105
21106
21107
21108
21109
21110
21111
21112
21113
21114
21115
21116
21188
21189
21190
21191
21192
21193
21194
21195
21196
21197
21198
21199
21200
21201
21202
21203
21204
21205
21206
21207
21208
21209
21210
21211
21279
21280
21281
21282
21283
21284
21285
21286
21354
21355
21356
21357
21358
21359
21360
21361
21362
21363
21364
21365
21378
21379
21380
21381
21382
21383
21384
21385
21386
21387
21388
21389
21390
21391
21392
21393
21394
21395
21396
21397
21398
21399
21400
21401
21402
21403
21404
21405
21406
21407
21408
21409
21410
21411
21412
21413
21414
21415
21416
21417
21418
21419
21420
21421
21422
21423
21424
21425
21426
21427
21428
21429
21430
21431
21432
21433
21434
21435
21436
21437
21438
21439
21440
21441
21442
21443
21444
21445
21446
21447
21448
21449
21530
21531
21532
21533
21534
21535
21536
21537
21538
21539
21540
21541
21542
21543
21544
21545
21546
21547
21548
21549
21550
21551
21552
21553
21554
21555
21556
21557
21578
21579
21580
21581
21582
21583
21584
21585
21614
21615
21616
21617
21618
21619
21620
21621
21622
21623
21624
21625
21626
21627
21628
21629
21630
21631
21632
21633
21634
21635
21636
21637
21658
21659
21660
21661
21662
21663
21664
21665
21666
21667
21668
21669
21686
21687
21688
21689
21690
21691
21692
21693
21694
21695
21696
21697
)


// ************************************************************************* //
